peatland_4VegType_new/gis_peatland/Spatial/info/dem.asc
ncols         20
nrows         41
xllcorner     447028.2773
yllcorner     5806201.289
cellsize      50
NODATA_value  -9999
-9.999000000000000000e+03 -9.999000000000000000e+03 -9.999000000000000000e+03 -9.999000000000000000e+03 -9.999000000000000000e+03 -9.999000000000000000e+03 -9.999000000000000000e+03 -9.999000000000000000e+03 -9.999000000000000000e+03 -9.999000000000000000e+03 -9.999000000000000000e+03 -9.999000000000000000e+03 -9.999000000000000000e+03 -9.999000000000000000e+03 -9.999000000000000000e+03 -9.999000000000000000e+03 -9.999000000000000000e+03 -9.999000000000000000e+03 -9.999000000000000000e+03 -9.999000000000000000e+03
-9.999000000000000000e+03 5.752232961364745734e+01 5.766965386047363040e+01 5.775732450561523024e+01 5.787283193237304602e+01 5.793554483825683121e+01 -9.999000000000000000e+03 -9.999000000000000000e+03 -9.999000000000000000e+03 -9.999000000000000000e+03 -9.999000000000000000e+03 -9.999000000000000000e+03 -9.999000000000000000e+03 -9.999000000000000000e+03 -9.999000000000000000e+03 -9.999000000000000000e+03 -9.999000000000000000e+03 -9.999000000000000000e+03 -9.999000000000000000e+03 -9.999000000000000000e+03
-9.999000000000000000e+03 5.732924651062011634e+01 5.753889583007812547e+01 5.755222151306152512e+01 5.760002593383789105e+01 5.756985026000976546e+01 5.760793917114257567e+01 5.726240592529296691e+01 5.679287677612305174e+01 5.555917947814941726e+01 -9.999000000000000000e+03 -9.999000000000000000e+03 -9.999000000000000000e+03 -9.999000000000000000e+03 -9.999000000000000000e+03 -9.999000000000000000e+03 -9.999000000000000000e+03 -9.999000000000000000e+03 -9.999000000000000000e+03 -9.999000000000000000e+03
-9.999000000000000000e+03 5.709477218933105291e+01 5.725418126892090243e+01 5.722130598022461356e+01 5.712480540954589969e+01 5.701706730407714474e+01 5.702541899353027333e+01 5.685934027709960503e+01 5.674609177490233947e+01 5.532288114562988568e+01 5.579136640991210783e+01 5.589789392456054884e+01 5.611177379455565983e+01 5.610378781250000202e+01 -9.999000000000000000e+03 -9.999000000000000000e+03 -9.999000000000000000e+03 -9.999000000000000000e+03 -9.999000000000000000e+03 -9.999000000000000000e+03
-9.999000000000000000e+03 5.683927154785156688e+01 5.697916979980468710e+01 5.684990069946289282e+01 5.667231999633789030e+01 5.646038791015624980e+01 5.624163201049805139e+01 5.635390078002929215e+01 5.613344308349608980e+01 5.512047312377929842e+01 5.560399733520507937e+01 5.564293093872070273e+01 5.566017457214355346e+01 5.569979079162597202e+01 5.578507286010741950e+01 5.589189091003417786e+01 5.579899075927734486e+01 5.592517435546875504e+01 5.602916917785644557e+01 -9.999000000000000000e+03
-9.999000000000000000e+03 5.666757663818358992e+01 5.669859146301269703e+01 5.655256771911621172e+01 5.635526880065917510e+01 5.612978903564453503e+01 5.596649238098144963e+01 5.587017056640625157e+01 5.562946312194824117e+01 5.480796791870117346e+01 5.543221744934082551e+01 5.545827773315429710e+01 5.546665346496581606e+01 5.549247571228027454e+01 5.555162880554199489e+01 5.570825286376953045e+01 5.578717009704590168e+01 5.609217676940917841e+01 5.613441002075195740e+01 -9.999000000000000000e+03
-9.999000000000000000e+03 5.664087661010742636e+01 5.651213731750488023e+01 5.638868181640624755e+01 5.616283601135253889e+01 5.602579165100097214e+01 5.587449084289551138e+01 5.570586015624999732e+01 5.553860873657226449e+01 5.467920130187988548e+01 5.492954972229003374e+01 5.491189347167969004e+01 5.499957466552734786e+01 5.500397762268066515e+01 5.513010605346679682e+01 5.527987071105957284e+01 5.551013897460937585e+01 5.600810163330078240e+01 5.611194150329589547e+01 -9.999000000000000000e+03
-9.999000000000000000e+03 5.646586869262695529e+01 5.637967824584961107e+01 5.618920458740234380e+01 5.593640872253418195e+01 5.584440551025390675e+01 5.581081652160644069e+01 5.564719704956054613e+01 5.547087077575683622e+01 5.468494442749023676e+01 5.518333950378418251e+01 5.516224490234375111e+01 5.526179869567870639e+01 5.524642839843750153e+01 5.541374189758300872e+01 5.546740504455566168e+01 5.565154056457519971e+01 5.581437942810058672e+01 5.599834856933593841e+01 -9.999000000000000000e+03
-9.999000000000000000e+03 5.634921674926758328e+01 5.617762236999512027e+01 5.597971383483886854e+01 5.575351553039550367e+01 5.568990303100585493e+01 5.571731416625976863e+01 5.555029039733886975e+01 5.535587620849609891e+01 5.463098474853515540e+01 5.512211728576660619e+01 5.513027491577147998e+01 5.515133093322754121e+01 5.512858886535644842e+01 5.530543361877441555e+01 5.535771083618163857e+01 5.545981795959473004e+01 5.571504486328124983e+01 5.591680938903808595e+01 -9.999000000000000000e+03
-9.999000000000000000e+03 -9.999000000000000000e+03 5.579193448669433764e+01 5.567044435058593876e+01 5.541665089660644128e+01 5.529911727355957396e+01 5.525687450195312067e+01 5.542553243347168035e+01 5.524484108825683393e+01 5.457832479553222527e+01 5.505520035034179216e+01 5.503164038879394582e+01 5.504500000000000171e+01 5.504099999999999682e+01 5.505817554809570424e+01 5.513210644165039298e+01 5.532506058532715087e+01 5.561771336608886429e+01 5.582818093627929557e+01 -9.999000000000000000e+03
-9.999000000000000000e+03 -9.999000000000000000e+03 5.576999636047363396e+01 5.578887418823242683e+01 5.558839147033691575e+01 5.552292059814453040e+01 5.522772245971680150e+01 5.493990667846679798e+01 5.448439019531249983e+01 5.437902240844726975e+01 5.458340326416015387e+01 5.458942843444823723e+01 5.461028621643066572e+01 5.464999999999999858e+01 5.499754985473632729e+01 5.514286449401855350e+01 5.520376433654784876e+01 5.546194822082519238e+01 5.572174054870605175e+01 -9.999000000000000000e+03
-9.999000000000000000e+03 -9.999000000000000000e+03 5.556987200378418379e+01 5.555679162597655818e+01 5.542397269897460887e+01 5.546119982849121044e+01 5.542815384094238595e+01 5.516576069396973026e+01 5.440620575561523253e+01 5.480806178527831918e+01 5.478306813659668251e+01 5.470422789001464992e+01 5.471560529602051304e+01 5.470446596496582004e+01 5.480122504882812962e+01 5.499588167358398039e+01 5.504228297485352073e+01 5.526120695800781135e+01 5.559362336975097207e+01 -9.999000000000000000e+03
-9.999000000000000000e+03 -9.999000000000000000e+03 5.531579666931152417e+01 5.516399505432129047e+01 5.513096734985352043e+01 5.532901265502929533e+01 5.533785006713867460e+01 5.515823233581542695e+01 5.433527509155273094e+01 5.419070695739745958e+01 5.470336435729980451e+01 5.456164021362305050e+01 5.454538386718749621e+01 5.454474270202636887e+01 5.472862853637695224e+01 5.492464813171386595e+01 5.493127963073730768e+01 5.506814739562987882e+01 5.534364312988281398e+01 -9.999000000000000000e+03
-9.999000000000000000e+03 -9.999000000000000000e+03 5.517055321411132951e+01 5.512208602600097151e+01 5.512905408020019138e+01 5.522271627258300697e+01 5.521957099731444885e+01 5.493066784667968250e+01 5.470096852172851243e+01 5.392377545898438029e+01 5.438087917358398471e+01 5.429550409057617344e+01 5.428966197570800745e+01 5.432984743347168433e+01 5.454460640075683386e+01 5.474051847839355389e+01 5.478138892089843637e+01 5.491491720275878663e+01 5.507806809875488341e+01 -9.999000000000000000e+03
-9.999000000000000000e+03 -9.999000000000000000e+03 5.506571129577636725e+01 5.506448859558105369e+01 5.506816427673339831e+01 5.505179257324218867e+01 5.487596041076660214e+01 5.465364976989745571e+01 5.446196891784667571e+01 5.366973331848144824e+01 5.410927312255859079e+01 5.408562865783691365e+01 5.410224142822265492e+01 5.415548320312500152e+01 5.441376446960448732e+01 5.453110294677734515e+01 5.452778077148437319e+01 5.462670117553710725e+01 5.473546872619628800e+01 -9.999000000000000000e+03
-9.999000000000000000e+03 -9.999000000000000000e+03 5.494695822692871445e+01 5.496397424743652493e+01 5.497832095520019635e+01 5.493683965698242133e+01 5.465783653564453459e+01 5.444014900512695476e+01 5.423516290283203034e+01 5.347281272338867097e+01 5.391655526855468850e+01 5.388913833679198717e+01 5.389704896301269343e+01 5.393123225708008306e+01 5.362349598876952683e+01 5.390809608947753873e+01 5.396928207824706902e+01 5.407133618041991951e+01 5.450905354980469042e+01 -9.999000000000000000e+03
-9.999000000000000000e+03 -9.999000000000000000e+03 5.478236345703125210e+01 5.479589813842773083e+01 5.480150458374023970e+01 5.476789909545898638e+01 5.452917422729492358e+01 5.433087371032714685e+01 5.411764984436035064e+01 5.329217858093261384e+01 5.335606819335936990e+01 5.340422977783202896e+01 5.342714767211914051e+01 5.348651952331542958e+01 5.352936834899902863e+01 5.395642563537597880e+01 5.399322205627441917e+01 5.407799733459472691e+01 5.433807506896972939e+01 -9.999000000000000000e+03
-9.999000000000000000e+03 -9.999000000000000000e+03 5.462180692077636479e+01 5.461643924804687344e+01 5.457378562194824667e+01 5.447405829589843762e+01 5.437688232788086395e+01 5.424207124389648271e+01 5.400883506103515685e+01 5.316099452331543063e+01 5.363126387573242226e+01 5.360614690124511839e+01 5.363068556091308636e+01 5.363892229431152714e+01 5.366083082641601720e+01 5.386201185852050344e+01 5.391067806884765901e+01 5.396738043945312313e+01 5.432671927673339951e+01 -9.999000000000000000e+03
-9.999000000000000000e+03 -9.999000000000000000e+03 5.450103705017089339e+01 5.447792122680664306e+01 5.443855319763183331e+01 5.441213211120605564e+01 5.423997648193359566e+01 5.408104211364745595e+01 5.388572146118163886e+01 5.311624110412597588e+01 5.347631022338867268e+01 5.347348468200684124e+01 5.347268477600097469e+01 5.348027723144531365e+01 5.349619463256836127e+01 5.383894971496582116e+01 5.384950644165039080e+01 5.390128731323242306e+01 5.421569861999511630e+01 -9.999000000000000000e+03
-9.999000000000000000e+03 -9.999000000000000000e+03 5.440951665222168288e+01 5.438562849243163555e+01 5.436364489501953301e+01 5.434743638610839866e+01 5.413622151306152830e+01 5.397558740722656268e+01 5.379569296447753857e+01 5.310627510620116709e+01 5.340928790954589545e+01 5.339137813171386426e+01 5.337216612731933196e+01 5.336985643554687897e+01 5.340520816101074075e+01 5.364143047729491798e+01 5.377875696960448693e+01 5.380848343017578372e+01 5.408932133178710444e+01 -9.999000000000000000e+03
-9.999000000000000000e+03 -9.999000000000000000e+03 5.433045961120605227e+01 5.429486000305175253e+01 5.425086460266113164e+01 5.419149774291992117e+01 5.401840279479980467e+01 5.386618316101073844e+01 5.371365684326171674e+01 5.304475730651855514e+01 5.285282937683105331e+01 5.333707513122558908e+01 5.330424246887206863e+01 5.328896924011230851e+01 5.328098315246582217e+01 5.337142558044433827e+01 5.351645283447265911e+01 5.363186864501953011e+01 5.389030329711913936e+01 -9.999000000000000000e+03
-9.999000000000000000e+03 -9.999000000000000000e+03 5.424733769287109197e+01 5.420186570068359799e+01 5.413844229003906605e+01 5.409423443969726719e+01 5.389602855895996214e+01 5.367213149536132732e+01 5.360514402709961246e+01 5.345815670104980200e+01 5.279168235595703607e+01 5.329294158020019267e+01 5.324265028320312609e+01 5.319168640869141029e+01 5.293104395507812399e+01 5.321259910217285238e+01 5.319034826843261499e+01 5.326336322448730698e+01 5.350681097412109466e+01 -9.999000000000000000e+03
-9.999000000000000000e+03 -9.999000000000000000e+03 5.418543720092773697e+01 5.413813845092773391e+01 5.405646046020507356e+01 5.393735554992675674e+01 5.386667284851074555e+01 5.362105189880371370e+01 5.346252957641601711e+01 5.336157421936034950e+01 5.258579429870605537e+01 5.260376996704101771e+01 5.270311751953124713e+01 5.275255562377929408e+01 5.281986413452148810e+01 5.305273031372070136e+01 5.308578927978516049e+01 5.316174235046386798e+01 5.342948237365722264e+01 -9.999000000000000000e+03
-9.999000000000000000e+03 -9.999000000000000000e+03 5.414937495300293335e+01 5.412050520935058273e+01 5.404906307739257443e+01 5.393970593994140472e+01 5.378765355285644034e+01 5.357865180297851282e+01 5.340160550476073809e+01 5.324467990844726728e+01 5.254257827209472964e+01 5.310090605957031329e+01 5.307236455200195735e+01 5.298220053955078157e+01 5.299035598632812594e+01 5.301622755249023555e+01 5.304573357604980544e+01 5.318680328063965135e+01 5.352366811584472828e+01 -9.999000000000000000e+03
-9.999000000000000000e+03 -9.999000000000000000e+03 -9.999000000000000000e+03 5.413804582153320410e+01 5.410921312561035279e+01 5.402211523498534973e+01 5.381403030944824195e+01 5.353612338867187503e+01 5.329486546142578618e+01 5.315679502014160107e+01 5.247783329528808594e+01 5.295959619567871357e+01 5.294573176330565900e+01 5.286697254943847213e+01 5.292325954650878828e+01 5.298618422058105182e+01 5.303139889343261615e+01 5.324054830200195454e+01 5.365201270324706684e+01 -9.999000000000000000e+03
-9.999000000000000000e+03 -9.999000000000000000e+03 -9.999000000000000000e+03 -9.999000000000000000e+03 5.423046410461425637e+01 5.417254490783691523e+01 5.386241121520995989e+01 5.354105573547363406e+01 5.325053649536133094e+01 5.312427086853027447e+01 5.277491226745605246e+01 5.242657484863281070e+01 5.281596363464355193e+01 5.279315663330078223e+01 5.283597880615234033e+01 5.291703078491211443e+01 5.299241009887695242e+01 5.322723623413085647e+01 5.364615879699707079e+01 -9.999000000000000000e+03
-9.999000000000000000e+03 -9.999000000000000000e+03 -9.999000000000000000e+03 -9.999000000000000000e+03 -9.999000000000000000e+03 5.440956313537597566e+01 5.402143982482910189e+01 5.357706813903809007e+01 5.326149478576660101e+01 5.312948595581055145e+01 5.302258980163574620e+01 5.239682145507812550e+01 5.254389324523926064e+01 5.250895025817871442e+01 5.256603283325195264e+01 5.297433906127929504e+01 5.301280139465332297e+01 5.324404857421875192e+01 5.362930752624511399e+01 -9.999000000000000000e+03
-9.999000000000000000e+03 -9.999000000000000000e+03 -9.999000000000000000e+03 -9.999000000000000000e+03 -9.999000000000000000e+03 5.423946588806152391e+01 5.404607919616699263e+01 5.365355276489258074e+01 5.330095092956543112e+01 5.324312037109375240e+01 5.312013234191894639e+01 5.238480173156737862e+01 5.275372251098632859e+01 5.285123541992187768e+01 5.283579624145507836e+01 5.287786807556152269e+01 5.299723694763183346e+01 5.319673071533203057e+01 5.351039238891601713e+01 -9.999000000000000000e+03
-9.999000000000000000e+03 -9.999000000000000000e+03 -9.999000000000000000e+03 -9.999000000000000000e+03 -9.999000000000000000e+03 -9.999000000000000000e+03 5.378281357238769544e+01 5.359887947692871535e+01 5.348002598205566471e+01 5.331207621765136651e+01 5.314395151489257785e+01 5.237482223999023745e+01 5.236626045532226215e+01 5.291244275451660428e+01 5.285682702148437784e+01 5.282056471496581906e+01 5.293255256042480994e+01 5.305904604736328167e+01 5.341153043823241831e+01 -9.999000000000000000e+03
-9.999000000000000000e+03 -9.999000000000000000e+03 -9.999000000000000000e+03 -9.999000000000000000e+03 -9.999000000000000000e+03 -9.999000000000000000e+03 5.372053641845702998e+01 5.398096966369628547e+01 5.402609448913574397e+01 5.372890877319336056e+01 5.325414054077148762e+01 5.305086016540526828e+01 5.235835042358398539e+01 5.292628059753418057e+01 5.283621739685058571e+01 5.272567517211913923e+01 5.286328222045898428e+01 5.309201691955566105e+01 5.345131255126953107e+01 -9.999000000000000000e+03
-9.999000000000000000e+03 -9.999000000000000000e+03 -9.999000000000000000e+03 -9.999000000000000000e+03 -9.999000000000000000e+03 -9.999000000000000000e+03 -9.999000000000000000e+03 -9.999000000000000000e+03 5.431915701049804568e+01 5.405343123840331998e+01 5.363995742065429795e+01 5.316874901428222699e+01 5.234506582031249877e+01 5.233950662902832107e+01 5.289021820007324237e+01 5.280328909423828065e+01 5.291821258239745873e+01 5.315423958374023528e+01 5.342626710937500434e+01 -9.999000000000000000e+03
-9.999000000000000000e+03 -9.999000000000000000e+03 -9.999000000000000000e+03 -9.999000000000000000e+03 -9.999000000000000000e+03 -9.999000000000000000e+03 -9.999000000000000000e+03 -9.999000000000000000e+03 -9.999000000000000000e+03 5.416984407897949438e+01 5.388299419250488143e+01 5.349901844177246346e+01 5.309993639587402470e+01 5.232591105895996009e+01 5.293616996582031220e+01 5.292269711853027303e+01 5.301890973632812631e+01 5.326608570312500035e+01 5.345186993164062983e+01 -9.999000000000000000e+03
-9.999000000000000000e+03 -9.999000000000000000e+03 -9.999000000000000000e+03 -9.999000000000000000e+03 -9.999000000000000000e+03 -9.999000000000000000e+03 -9.999000000000000000e+03 -9.999000000000000000e+03 -9.999000000000000000e+03 5.422899823486328330e+01 5.389949185485839678e+01 5.346775070434570409e+01 5.315605008972168122e+01 5.230476463378905549e+01 5.278480731689452909e+01 5.280169918579101562e+01 5.327112331665038880e+01 5.337464440612792771e+01 5.358831689331054804e+01 -9.999000000000000000e+03
-9.999000000000000000e+03 -9.999000000000000000e+03 -9.999000000000000000e+03 -9.999000000000000000e+03 -9.999000000000000000e+03 -9.999000000000000000e+03 -9.999000000000000000e+03 -9.999000000000000000e+03 -9.999000000000000000e+03 5.403459224853515508e+01 5.382074533630371604e+01 5.348956277648925806e+01 5.227546793823242410e+01 5.229718359008789008e+01 5.277182775756836008e+01 5.273369929809570067e+01 5.302213912719726352e+01 5.328914960510253707e+01 5.350323507934569989e+01 -9.999000000000000000e+03
-9.999000000000000000e+03 -9.999000000000000000e+03 -9.999000000000000000e+03 -9.999000000000000000e+03 -9.999000000000000000e+03 -9.999000000000000000e+03 -9.999000000000000000e+03 -9.999000000000000000e+03 -9.999000000000000000e+03 5.372808661499023231e+01 5.366662019592285304e+01 5.351584566650390684e+01 5.225137210021972578e+01 5.289108969787597658e+01 5.272816858947754071e+01 5.270736887817382410e+01 5.300856617919922087e+01 5.330998037963867375e+01 5.343805503051757455e+01 -9.999000000000000000e+03
-9.999000000000000000e+03 -9.999000000000000000e+03 -9.999000000000000000e+03 -9.999000000000000000e+03 -9.999000000000000000e+03 -9.999000000000000000e+03 -9.999000000000000000e+03 -9.999000000000000000e+03 -9.999000000000000000e+03 5.361324028991698754e+01 5.351784433105468963e+01 5.340303163818359167e+01 5.222230625854492558e+01 5.220432932006836069e+01 5.275292537414550509e+01 5.279032527221679771e+01 5.306540749938965007e+01 5.336690354797363511e+01 5.346367538085937099e+01 -9.999000000000000000e+03
-9.999000000000000000e+03 -9.999000000000000000e+03 -9.999000000000000000e+03 -9.999000000000000000e+03 -9.999000000000000000e+03 -9.999000000000000000e+03 -9.999000000000000000e+03 -9.999000000000000000e+03 5.359491729492187062e+01 5.358360630920410017e+01 5.346655129638671866e+01 5.322320518127440891e+01 5.302622377807617227e+01 5.218898275634766293e+01 5.284064113342284941e+01 5.285713175781249618e+01 5.357631393737793246e+01 5.345543407165527583e+01 5.353217727600097930e+01 -9.999000000000000000e+03
-9.999000000000000000e+03 -9.999000000000000000e+03 -9.999000000000000000e+03 -9.999000000000000000e+03 -9.999000000000000000e+03 -9.999000000000000000e+03 -9.999000000000000000e+03 -9.999000000000000000e+03 5.361630979064941016e+01 5.357952313415527357e+01 5.351136566589354970e+01 5.328172695617675458e+01 5.305250131896973187e+01 5.216373433166504014e+01 5.275358745300292895e+01 5.316813377685546982e+01 5.347520608154296440e+01 5.349453566162109297e+01 5.356481717895508154e+01 -9.999000000000000000e+03
-9.999000000000000000e+03 -9.999000000000000000e+03 -9.999000000000000000e+03 -9.999000000000000000e+03 -9.999000000000000000e+03 -9.999000000000000000e+03 -9.999000000000000000e+03 -9.999000000000000000e+03 5.370269573730468693e+01 5.375435206237793295e+01 5.363874227355957203e+01 5.341673601379394398e+01 5.313572293518066658e+01 5.215457560302734663e+01 5.265522334289551054e+01 5.325421185546875336e+01 5.339980990478515821e+01 -9.999000000000000000e+03 -9.999000000000000000e+03 -9.999000000000000000e+03
-9.999000000000000000e+03 -9.999000000000000000e+03 -9.999000000000000000e+03 -9.999000000000000000e+03 -9.999000000000000000e+03 -9.999000000000000000e+03 -9.999000000000000000e+03 -9.999000000000000000e+03 -9.999000000000000000e+03 5.378338941162109421e+01 5.375337975097656340e+01 5.368665951477051124e+01 5.346506133605956990e+01 5.213139240539550912e+01 5.265268998535155731e+01 5.315408098327636566e+01 -9.999000000000000000e+03 -9.999000000000000000e+03 -9.999000000000000000e+03 -9.999000000000000000e+03
-9.999000000000000000e+03 -9.999000000000000000e+03 -9.999000000000000000e+03 -9.999000000000000000e+03 -9.999000000000000000e+03 -9.999000000000000000e+03 -9.999000000000000000e+03 -9.999000000000000000e+03 -9.999000000000000000e+03 -9.999000000000000000e+03 -9.999000000000000000e+03 -9.999000000000000000e+03 -9.999000000000000000e+03 -9.999000000000000000e+03 -9.999000000000000000e+03 -9.999000000000000000e+03 -9.999000000000000000e+03 -9.999000000000000000e+03 -9.999000000000000000e+03 -9.999000000000000000e+03

