peatland_4VegType_new/Spatial_initial/info/p1.asc
ncols         20
nrows         41
xllcorner     447028.2773
yllcorner     5806201.289
cellsize      50
NODATA_value  -9999
-9.999000000000000000e+03 -9.999000000000000000e+03 -9.999000000000000000e+03 -9.999000000000000000e+03 -9.999000000000000000e+03 -9.999000000000000000e+03 -9.999000000000000000e+03 -9.999000000000000000e+03 -9.999000000000000000e+03 -9.999000000000000000e+03 -9.999000000000000000e+03 -9.999000000000000000e+03 -9.999000000000000000e+03 -9.999000000000000000e+03 -9.999000000000000000e+03 -9.999000000000000000e+03 -9.999000000000000000e+03 -9.999000000000000000e+03 -9.999000000000000000e+03 -9.999000000000000000e+03
-9.999000000000000000e+03 2.880987913906574160e-02 2.816233800351619632e-02 2.849099056422710330e-02 2.982046844065189273e-02 3.830397704243659884e-02 -9.999000000000000000e+03 -9.999000000000000000e+03 -9.999000000000000000e+03 -9.999000000000000000e+03 -9.999000000000000000e+03 -9.999000000000000000e+03 -9.999000000000000000e+03 -9.999000000000000000e+03 -9.999000000000000000e+03 -9.999000000000000000e+03 -9.999000000000000000e+03 -9.999000000000000000e+03 -9.999000000000000000e+03 -9.999000000000000000e+03
-9.999000000000000000e+03 2.894235232472419650e-02 2.878651598095893771e-02 3.018000738322734744e-02 3.090072253346443087e-02 1.726181635260581881e-02 0.000000000000000000e+00 1.838400045037269503e-02 0.000000000000000000e+00 0.000000000000000000e+00 -9.999000000000000000e+03 -9.999000000000000000e+03 -9.999000000000000000e+03 -9.999000000000000000e+03 -9.999000000000000000e+03 -9.999000000000000000e+03 -9.999000000000000000e+03 -9.999000000000000000e+03 -9.999000000000000000e+03 -9.999000000000000000e+03
-9.999000000000000000e+03 2.849066273868083865e-02 2.833833748102188022e-02 3.124004805088043124e-02 3.985404053330421359e-02 6.554717773199081332e-02 8.848370069265365512e-02 5.764399671554565341e-02 0.000000000000000000e+00 0.000000000000000000e+00 0.000000000000000000e+00 0.000000000000000000e+00 0.000000000000000000e+00 0.000000000000000000e+00 -9.999000000000000000e+03 -9.999000000000000000e+03 -9.999000000000000000e+03 -9.999000000000000000e+03 -9.999000000000000000e+03 -9.999000000000000000e+03
-9.999000000000000000e+03 2.725257740914821536e-02 2.570030854642391116e-02 2.654837274551391513e-02 3.075104781985282809e-02 3.567934983968734652e-02 3.509987720847129733e-02 2.918027357757091433e-02 1.951999893411993960e-03 0.000000000000000000e+00 0.000000000000000000e+00 0.000000000000000000e+00 0.000000000000000000e+00 0.000000000000000000e+00 0.000000000000000000e+00 0.000000000000000000e+00 1.260710112750530222e-03 1.019835395365953357e-02 1.288335412740709493e-03 -9.999000000000000000e+03
-9.999000000000000000e+03 2.577560970187187106e-02 2.188910560309886844e-02 1.860478350520133883e-02 1.488755287230014712e-02 6.994335144758224466e-03 1.039871644228696802e-03 2.354400062561035067e-02 0.000000000000000000e+00 0.000000000000000000e+00 0.000000000000000000e+00 0.000000000000000000e+00 0.000000000000000000e+00 0.000000000000000000e+00 0.000000000000000000e+00 0.000000000000000000e+00 1.095146965235469644e-05 1.148119585216045291e-02 0.000000000000000000e+00 -9.999000000000000000e+03
-9.999000000000000000e+03 2.505727687478065402e-02 1.913409882783889682e-02 1.299798598140478045e-02 6.566251326352357844e-03 7.930746544152498037e-04 0.000000000000000000e+00 0.000000000000000000e+00 0.000000000000000000e+00 0.000000000000000000e+00 0.000000000000000000e+00 0.000000000000000000e+00 0.000000000000000000e+00 0.000000000000000000e+00 0.000000000000000000e+00 0.000000000000000000e+00 1.289993455633521059e-03 1.778393337130546384e-02 0.000000000000000000e+00 -9.999000000000000000e+03
-9.999000000000000000e+03 2.580238336324691684e-02 1.866040395200252444e-02 1.117388547956943423e-02 4.256628151983022669e-03 0.000000000000000000e+00 0.000000000000000000e+00 0.000000000000000000e+00 0.000000000000000000e+00 1.903999993577599505e-03 0.000000000000000000e+00 0.000000000000000000e+00 0.000000000000000000e+00 0.000000000000000000e+00 0.000000000000000000e+00 0.000000000000000000e+00 6.628622464835643747e-03 3.753087723255157937e-02 0.000000000000000000e+00 -9.999000000000000000e+03
-9.999000000000000000e+03 2.813195081055164248e-02 2.054749259352683932e-02 1.245150638371705920e-02 4.846823565661907175e-03 1.877375654876231939e-04 0.000000000000000000e+00 1.027999842539429644e-03 0.000000000000000000e+00 0.000000000000000000e+00 0.000000000000000000e+00 0.000000000000000000e+00 0.000000000000000000e+00 0.000000000000000000e+00 0.000000000000000000e+00 0.000000000000000000e+00 4.224593022465705783e-02 9.318262094259262274e-02 0.000000000000000000e+00 -9.999000000000000000e+03
-9.999000000000000000e+03 -9.999000000000000000e+03 2.436622248589992434e-02 1.651917973160743625e-02 8.310535155236720151e-03 8.725896952673792631e-04 0.000000000000000000e+00 0.000000000000000000e+00 0.000000000000000000e+00 0.000000000000000000e+00 0.000000000000000000e+00 0.000000000000000000e+00 0.000000000000000000e+00 7.650000059604644687e-02 1.762760003805160514e-01 2.111361345052719107e-01 2.453252395391464225e-01 2.035145964622497583e-01 0.000000000000000000e+00 -9.999000000000000000e+03
-9.999000000000000000e+03 -9.999000000000000000e+03 2.905455993115901858e-02 2.288226427137851626e-02 1.782137916982173831e-02 9.843914002180098599e-03 1.431782893836498240e-03 6.321386210620403082e-04 0.000000000000000000e+00 4.388000048696994761e-03 5.901199781894683749e-02 4.215840270519256583e-01 7.126240005493164054e-01 7.424879541397094718e-01 8.902839889526367179e-01 6.342027654647827140e-01 5.571758618354797354e-01 4.114746656417846427e-01 0.000000000000000000e+00 -9.999000000000000000e+03
-9.999000000000000000e+03 -9.999000000000000000e+03 2.854562813043593980e-02 2.766742014884948642e-02 2.768014015257358462e-02 4.685523563623428256e-02 6.817793303728103549e-02 1.142256164550781161e-02 0.000000000000000000e+00 0.000000000000000000e+00 2.361599931120872409e-02 2.779999950528144748e-02 7.178639640808105460e-01 7.944359650611877433e-01 7.217799892425537100e-01 5.085731616020202628e-01 5.690007677078247061e-01 5.804757943153381339e-01 4.841526308059692085e-01 -9.999000000000000000e+03
-9.999000000000000000e+03 -9.999000000000000000e+03 3.732305169105540766e-04 1.230795258283615135e-02 1.360169434547424047e-02 5.411450728774071413e-03 0.000000000000000000e+00 1.726195232570171267e-02 0.000000000000000000e+00 3.454280068874359122e-01 4.761680235862731925e-01 6.439719667434692374e-01 8.828079571723937979e-01 7.512239685058593741e-01 7.644079794883728018e-01 8.216002454757690421e-01 7.573184838294982901e-01 6.654361357688903800e-01 5.903744568824768058e-01 -9.999000000000000000e+03
-9.999000000000000000e+03 -9.999000000000000000e+03 0.000000000000000000e+00 0.000000000000000000e+00 0.000000000000000000e+00 0.000000000000000000e+00 1.424542829394340529e-03 1.212073886767029741e-03 0.000000000000000000e+00 4.479920139312744132e-01 7.998319735527038565e-01 7.753119935989379874e-01 8.007799854278564444e-01 5.797079672813415518e-01 8.542334904670715323e-01 7.026971449851989737e-01 7.156484594345092765e-01 6.816229095458984366e-01 6.093736162185668936e-01 -9.999000000000000000e+03
-9.999000000000000000e+03 -9.999000000000000000e+03 0.000000000000000000e+00 0.000000000000000000e+00 0.000000000000000000e+00 0.000000000000000000e+00 0.000000000000000000e+00 0.000000000000000000e+00 0.000000000000000000e+00 5.057199874520301730e-02 1.212480013966560355e-01 4.090719988346099845e-01 4.878360202312469474e-01 7.211639752388000479e-01 7.411764731407165518e-01 7.065893878936767569e-01 6.847876777648925772e-01 6.433292498588562003e-01 5.856686701774597159e-01 -9.999000000000000000e+03
-9.999000000000000000e+03 -9.999000000000000000e+03 0.000000000000000000e+00 0.000000000000000000e+00 0.000000000000000000e+00 0.000000000000000000e+00 0.000000000000000000e+00 0.000000000000000000e+00 0.000000000000000000e+00 2.707999829202890375e-03 1.203600054234266192e-02 9.621999615430831820e-02 2.769280245304107657e-01 4.847040047645568839e-01 4.818561544418334952e-01 5.291402211189270011e-01 5.751064887046813956e-01 5.663744678497314444e-01 5.351717939376831046e-01 -9.999000000000000000e+03
-9.999000000000000000e+03 -9.999000000000000000e+03 0.000000000000000000e+00 0.000000000000000000e+00 0.000000000000000000e+00 0.000000000000000000e+00 0.000000000000000000e+00 0.000000000000000000e+00 0.000000000000000000e+00 2.608400040864944369e-02 2.046000042557716281e-02 1.319600006192922503e-02 6.913599574565887362e-02 2.381799986362457267e-01 5.651896467208862296e-01 5.328750481605529776e-01 3.634038009643554279e-01 9.875342154502866898e-02 4.054011073112488428e-01 -9.999000000000000000e+03
-9.999000000000000000e+03 -9.999000000000000000e+03 0.000000000000000000e+00 0.000000000000000000e+00 0.000000000000000000e+00 0.000000000000000000e+00 0.000000000000000000e+00 0.000000000000000000e+00 0.000000000000000000e+00 1.735600100457668216e-02 2.218000048398971469e-02 1.608400063216686160e-02 2.504200210571289054e-01 5.355839600563049308e-01 4.828678240776062003e-01 4.502021446228027246e-01 3.581985855102542277e-02 0.000000000000000000e+00 3.191737666130065598e-01 -9.999000000000000000e+03
-9.999000000000000000e+03 -9.999000000000000000e+03 0.000000000000000000e+00 0.000000000000000000e+00 0.000000000000000000e+00 0.000000000000000000e+00 0.000000000000000000e+00 0.000000000000000000e+00 0.000000000000000000e+00 3.184000194072723368e-03 3.832000005990266779e-03 1.691560020446777335e-01 2.434680035114288321e-01 5.596960058212280265e-01 3.009088506698608390e-01 1.655600299835204847e-01 0.000000000000000000e+00 0.000000000000000000e+00 1.835911169052123759e-01 -9.999000000000000000e+03
-9.999000000000000000e+03 -9.999000000000000000e+03 0.000000000000000000e+00 0.000000000000000000e+00 0.000000000000000000e+00 0.000000000000000000e+00 0.000000000000000000e+00 0.000000000000000000e+00 0.000000000000000000e+00 2.520001037046313078e-04 2.566800096631050021e-02 1.860760023593902579e-01 2.230439951419830313e-01 6.455280055999755850e-01 6.269212236404418936e-01 3.443449630737304146e-01 0.000000000000000000e+00 0.000000000000000000e+00 1.505101227760316171e-02 -9.999000000000000000e+03
-9.999000000000000000e+03 -9.999000000000000000e+03 0.000000000000000000e+00 0.000000000000000000e+00 0.000000000000000000e+00 0.000000000000000000e+00 0.000000000000000000e+00 0.000000000000000000e+00 0.000000000000000000e+00 0.000000000000000000e+00 4.097160270214080802e-01 6.436319818496704093e-01 7.307759990692138663e-01 4.498629143238067618e-01 2.867711868286132448e-01 1.609797110557555921e-01 0.000000000000000000e+00 0.000000000000000000e+00 0.000000000000000000e+00 -9.999000000000000000e+03
-9.999000000000000000e+03 -9.999000000000000000e+03 0.000000000000000000e+00 0.000000000000000000e+00 0.000000000000000000e+00 0.000000000000000000e+00 0.000000000000000000e+00 0.000000000000000000e+00 0.000000000000000000e+00 0.000000000000000000e+00 3.964200189113616934e-01 5.459959974288940421e-01 6.599559655189514151e-01 4.805437495708465567e-01 7.446033515930176039e-01 3.968567886352538654e-01 3.500494146347048890e-02 0.000000000000000000e+00 0.000000000000000000e+00 -9.999000000000000000e+03
-9.999000000000000000e+03 -9.999000000000000000e+03 0.000000000000000000e+00 0.000000000000000000e+00 0.000000000000000000e+00 0.000000000000000000e+00 9.232682339847086972e-03 0.000000000000000000e+00 0.000000000000000000e+00 0.000000000000000000e+00 2.906399981677532107e-02 1.070399971306323916e-02 5.254239940643310597e-02 7.284271979331970182e-02 0.000000000000000000e+00 0.000000000000000000e+00 0.000000000000000000e+00 0.000000000000000000e+00 0.000000000000000000e+00 -9.999000000000000000e+03
-9.999000000000000000e+03 -9.999000000000000000e+03 0.000000000000000000e+00 0.000000000000000000e+00 0.000000000000000000e+00 0.000000000000000000e+00 1.573995614051818676e-02 4.000000283122060601e-05 0.000000000000000000e+00 0.000000000000000000e+00 1.728400045633315951e-02 3.369199687242507846e-02 7.671999908983707407e-03 1.641238393783569227e-01 6.320537889003753629e-02 0.000000000000000000e+00 0.000000000000000000e+00 0.000000000000000000e+00 0.000000000000000000e+00 -9.999000000000000000e+03
-9.999000000000000000e+03 -9.999000000000000000e+03 -9.999000000000000000e+03 0.000000000000000000e+00 0.000000000000000000e+00 0.000000000000000000e+00 0.000000000000000000e+00 0.000000000000000000e+00 0.000000000000000000e+00 0.000000000000000000e+00 1.000800000131130130e-02 2.856799976527690799e-02 8.718800002336501986e-02 1.317040046453475943e-01 5.771517470479011966e-03 0.000000000000000000e+00 0.000000000000000000e+00 0.000000000000000000e+00 0.000000000000000000e+00 -9.999000000000000000e+03
-9.999000000000000000e+03 -9.999000000000000000e+03 -9.999000000000000000e+03 -9.999000000000000000e+03 0.000000000000000000e+00 0.000000000000000000e+00 0.000000000000000000e+00 4.480000827461480886e-04 0.000000000000000000e+00 0.000000000000000000e+00 0.000000000000000000e+00 4.721199923753738315e-02 6.001599708199500949e-02 1.238759999871253958e-01 6.948121720552444258e-02 0.000000000000000000e+00 0.000000000000000000e+00 0.000000000000000000e+00 0.000000000000000000e+00 -9.999000000000000000e+03
-9.999000000000000000e+03 -9.999000000000000000e+03 -9.999000000000000000e+03 -9.999000000000000000e+03 -9.999000000000000000e+03 0.000000000000000000e+00 0.000000000000000000e+00 0.000000000000000000e+00 0.000000000000000000e+00 0.000000000000000000e+00 1.084000036120414713e-03 2.816000038385391147e-02 2.632799947261810214e-02 1.350320001840591422e-01 1.119765963554382182e-01 0.000000000000000000e+00 0.000000000000000000e+00 0.000000000000000000e+00 0.000000000000000000e+00 -9.999000000000000000e+03
-9.999000000000000000e+03 -9.999000000000000000e+03 -9.999000000000000000e+03 -9.999000000000000000e+03 -9.999000000000000000e+03 0.000000000000000000e+00 0.000000000000000000e+00 0.000000000000000000e+00 0.000000000000000000e+00 1.095999894663691500e-03 0.000000000000000000e+00 6.000000759959220678e-04 1.892280002832412711e-01 4.688880016803741446e-01 3.639457911252974576e-03 0.000000000000000000e+00 0.000000000000000000e+00 0.000000000000000000e+00 0.000000000000000000e+00 -9.999000000000000000e+03
-9.999000000000000000e+03 -9.999000000000000000e+03 -9.999000000000000000e+03 -9.999000000000000000e+03 -9.999000000000000000e+03 -9.999000000000000000e+03 0.000000000000000000e+00 2.117474028840661028e-03 0.000000000000000000e+00 0.000000000000000000e+00 0.000000000000000000e+00 4.416000261902809122e-03 4.356760253906249991e-01 5.027759542465209952e-01 4.478864147663116357e-01 3.042148852348330185e-02 0.000000000000000000e+00 0.000000000000000000e+00 0.000000000000000000e+00 -9.999000000000000000e+03
-9.999000000000000000e+03 -9.999000000000000000e+03 -9.999000000000000000e+03 -9.999000000000000000e+03 -9.999000000000000000e+03 -9.999000000000000000e+03 2.336698019504546836e-02 5.291017401963472346e-03 7.877199554443359286e-02 6.437599861621856601e-02 2.944000229239463785e-03 0.000000000000000000e+00 2.506880035400390616e-01 4.783920218944549552e-01 1.067760100364684855e-01 0.000000000000000000e+00 0.000000000000000000e+00 6.990516448020933638e-02 1.078000178337097104e-01 -9.999000000000000000e+03
-9.999000000000000000e+03 -9.999000000000000000e+03 -9.999000000000000000e+03 -9.999000000000000000e+03 -9.999000000000000000e+03 -9.999000000000000000e+03 -9.999000000000000000e+03 -9.999000000000000000e+03 2.509479990005493155e-01 6.311119666099548331e-01 0.000000000000000000e+00 0.000000000000000000e+00 1.103200034797191531e-02 1.689919998645782462e-01 1.978078337907791251e-01 1.410616269111633625e-01 1.218535503149032750e-01 1.540575137138366635e-01 1.203218212127685621e-01 -9.999000000000000000e+03
-9.999000000000000000e+03 -9.999000000000000000e+03 -9.999000000000000000e+03 -9.999000000000000000e+03 -9.999000000000000000e+03 -9.999000000000000000e+03 -9.999000000000000000e+03 -9.999000000000000000e+03 -9.999000000000000000e+03 4.879360070228576651e-01 0.000000000000000000e+00 5.600000824779269998e-05 0.000000000000000000e+00 3.188399800658225924e-02 1.259799917936325064e-01 2.063607593774795523e-01 1.787167509794235221e-01 1.415633132457733145e-01 1.010626306533813495e-01 -9.999000000000000000e+03
-9.999000000000000000e+03 -9.999000000000000000e+03 -9.999000000000000000e+03 -9.999000000000000000e+03 -9.999000000000000000e+03 -9.999000000000000000e+03 -9.999000000000000000e+03 -9.999000000000000000e+03 -9.999000000000000000e+03 7.100799882411956698e-02 2.071999875828623751e-03 0.000000000000000000e+00 0.000000000000000000e+00 3.031757935881614768e-03 0.000000000000000000e+00 1.229273432493209472e-02 2.094585800170897794e-02 4.146473938226699629e-02 3.555184209346770596e-02 -9.999000000000000000e+03
-9.999000000000000000e+03 -9.999000000000000000e+03 -9.999000000000000000e+03 -9.999000000000000000e+03 -9.999000000000000000e+03 -9.999000000000000000e+03 -9.999000000000000000e+03 -9.999000000000000000e+03 -9.999000000000000000e+03 0.000000000000000000e+00 0.000000000000000000e+00 0.000000000000000000e+00 2.956000320613384226e-03 5.172106787562368718e-03 0.000000000000000000e+00 0.000000000000000000e+00 0.000000000000000000e+00 0.000000000000000000e+00 0.000000000000000000e+00 -9.999000000000000000e+03
-9.999000000000000000e+03 -9.999000000000000000e+03 -9.999000000000000000e+03 -9.999000000000000000e+03 -9.999000000000000000e+03 -9.999000000000000000e+03 -9.999000000000000000e+03 -9.999000000000000000e+03 -9.999000000000000000e+03 0.000000000000000000e+00 2.944000229239463785e-03 0.000000000000000000e+00 1.651999929547309787e-02 0.000000000000000000e+00 0.000000000000000000e+00 0.000000000000000000e+00 0.000000000000000000e+00 0.000000000000000000e+00 0.000000000000000000e+00 -9.999000000000000000e+03
-9.999000000000000000e+03 -9.999000000000000000e+03 -9.999000000000000000e+03 -9.999000000000000000e+03 -9.999000000000000000e+03 -9.999000000000000000e+03 -9.999000000000000000e+03 -9.999000000000000000e+03 -9.999000000000000000e+03 0.000000000000000000e+00 1.035999903455376604e-03 0.000000000000000000e+00 4.800000935792922765e-04 2.999200090765952523e-03 0.000000000000000000e+00 0.000000000000000000e+00 0.000000000000000000e+00 0.000000000000000000e+00 0.000000000000000000e+00 -9.999000000000000000e+03
-9.999000000000000000e+03 -9.999000000000000000e+03 -9.999000000000000000e+03 -9.999000000000000000e+03 -9.999000000000000000e+03 -9.999000000000000000e+03 -9.999000000000000000e+03 -9.999000000000000000e+03 0.000000000000000000e+00 0.000000000000000000e+00 2.419999964535236338e-03 0.000000000000000000e+00 0.000000000000000000e+00 2.914879858493808588e-03 0.000000000000000000e+00 0.000000000000000000e+00 0.000000000000000000e+00 0.000000000000000000e+00 0.000000000000000000e+00 -9.999000000000000000e+03
-9.999000000000000000e+03 -9.999000000000000000e+03 -9.999000000000000000e+03 -9.999000000000000000e+03 -9.999000000000000000e+03 -9.999000000000000000e+03 -9.999000000000000000e+03 -9.999000000000000000e+03 0.000000000000000000e+00 0.000000000000000000e+00 7.200000584125518591e-04 0.000000000000000000e+00 1.562000082433223636e-02 1.673600018024444264e-03 0.000000000000000000e+00 0.000000000000000000e+00 0.000000000000000000e+00 0.000000000000000000e+00 0.000000000000000000e+00 -9.999000000000000000e+03
-9.999000000000000000e+03 -9.999000000000000000e+03 -9.999000000000000000e+03 -9.999000000000000000e+03 -9.999000000000000000e+03 -9.999000000000000000e+03 -9.999000000000000000e+03 -9.999000000000000000e+03 0.000000000000000000e+00 0.000000000000000000e+00 0.000000000000000000e+00 0.000000000000000000e+00 0.000000000000000000e+00 2.107679897546767614e-02 0.000000000000000000e+00 0.000000000000000000e+00 0.000000000000000000e+00 -9.999000000000000000e+03 -9.999000000000000000e+03 -9.999000000000000000e+03
-9.999000000000000000e+03 -9.999000000000000000e+03 -9.999000000000000000e+03 -9.999000000000000000e+03 -9.999000000000000000e+03 -9.999000000000000000e+03 -9.999000000000000000e+03 -9.999000000000000000e+03 -9.999000000000000000e+03 0.000000000000000000e+00 0.000000000000000000e+00 0.000000000000000000e+00 0.000000000000000000e+00 1.947439888119697690e-02 0.000000000000000000e+00 0.000000000000000000e+00 -9.999000000000000000e+03 -9.999000000000000000e+03 -9.999000000000000000e+03 -9.999000000000000000e+03
-9.999000000000000000e+03 -9.999000000000000000e+03 -9.999000000000000000e+03 -9.999000000000000000e+03 -9.999000000000000000e+03 -9.999000000000000000e+03 -9.999000000000000000e+03 -9.999000000000000000e+03 -9.999000000000000000e+03 -9.999000000000000000e+03 -9.999000000000000000e+03 -9.999000000000000000e+03 -9.999000000000000000e+03 -9.999000000000000000e+03 -9.999000000000000000e+03 -9.999000000000000000e+03 -9.999000000000000000e+03 -9.999000000000000000e+03 -9.999000000000000000e+03 -9.999000000000000000e+03
