peatland_4VegType_new/Spatial_initial/info/soil0.asc
ncols         20
nrows         41
xllcorner     447028.2773
yllcorner     5806201.289
cellsize      50
NODATA_value  -9999
-9999 -9999 -9999 -9999 -9999 -9999 -9999 -9999 -9999 -9999 -9999 -9999 -9999 -9999 -9999 -9999 -9999 -9999 -9999 -9999 
-9999 0 0 0 0 0 -9999 -9999 -9999 -9999 -9999 -9999 -9999 -9999 -9999 -9999 -9999 -9999 -9999 -9999 
-9999 0 0 0 0 0 0.28 0.9996 1 1 -9999 -9999 -9999 -9999 -9999 -9999 -9999 -9999 -9999 -9999 
-9999 0 0 0 0 0 0.7052 1 1 1 1 1 1 1 -9999 -9999 -9999 -9999 -9999 -9999 
-9999 0 0 0 0 0.1488 0.9876 1 1 1 1 1 1 1 1 1 1 1 0.9244 -9999 
-9999 0 0 0 0.0224 0.7952 1 1 1 1 1 1 1 1 1 1 1 1 1 -9999 
-9999 0 0 0 0.5192 1 1 1 1 1 1 1 1 1 1 1 1 1 1 -9999 
-9999 0 0 0.3088 0.988 1 1 1 1 1 1 1 1 1 1 1 1 1 1 -9999 
-9999 0 0 0.0908 0.4568 0.8104 1 1 1 1 1 1 1 1 1 1 1 1 1 -9999 
-9999 -9999 0 0 0 0 0.2736 0.8524 1 1 1 1 1 1 1 1 1 1 1 -9999 
-9999 -9999 0 0 0 0 0 0.0612 0.8608 1 1 1 1 1 1 1 1 1 1 -9999 
-9999 -9999 0 0 0 0 0 0 0.45 1 1 1 1 1 1 1 1 1 1 -9999 
-9999 -9999 0 0 0 0 0 0 0.6104 1 1 1 1 1 1 1 1 1 0.9976 -9999 
-9999 -9999 0 0 0 0 0 0.1012 0.9448 1 1 1 1 1 1 1 1 1 0.9488 -9999 
-9999 -9999 0 0 0 0 0.0132 0.752 1 1 1 1 1 1 1 1 1 1 0.8768 -9999 
-9999 -9999 0 0 0 0 0.508 1 1 1 1 1 1 1 1 1 1 1 0.5768 -9999 
-9999 -9999 0 0 0 0.1272 0.9744 1 1 1 1 1 1 1 1 1 1 0.994 0.1504 -9999 
-9999 -9999 0 0 0 0.6196 1 1 1 1 1 1 1 1 1 1 1 0.7512 0 -9999 
-9999 -9999 0 0 0 0.7992 1 1 1 1 1 1 1 1 1 1 1 0.5072 0 -9999 
-9999 -9999 0 0 0 0.8276 1 1 1 1 1 1 1 1 1 1 1 0.2732 0 -9999 
-9999 -9999 0 0 0 0.798 1 1 1 1 1 1 1 1 1 1 0.938 0.028 0 -9999 
-9999 -9999 0 0 0 0.7636 1 1 1 1 1 1 1 1 1 1 0.6376 0 0 -9999 
-9999 -9999 0 0 0 0.6928 1 1 1 1 1 1 1 1 1 1 0.4384 0 0 -9999 
-9999 -9999 0 0 0 0.3828 1 1 1 1 1 1 1 1 1 1 0.2944 0 0 -9999 
-9999 -9999 -9999 0 0 0.06 0.9544 1 1 1 1 1 1 1 1 1 0.2088 0 0 -9999 
-9999 -9999 -9999 -9999 0 0 0.5076 1 1 1 1 1 1 1 1 1 0.1348 0 0 -9999 
-9999 -9999 -9999 -9999 -9999 0 0.0608 0.9952 1 1 1 1 1 1 1 1 0.13 0 0 -9999 
-9999 -9999 -9999 -9999 -9999 0 0 0.8488 1 1 1 1 1 1 1 1 0.3064 0 0 -9999 
-9999 -9999 -9999 -9999 -9999 -9999 0 0.3936 1 1 1 1 1 1 1 1 0.4924 0 0 -9999 
-9999 -9999 -9999 -9999 -9999 -9999 0 0.0196 0.8756 1 1 1 1 1 1 1 0.678 0 0 -9999 
-9999 -9999 -9999 -9999 -9999 -9999 -9999 -9999 0.4784 1 1 1 1 1 1 1 0.8636 0 0 -9999 
-9999 -9999 -9999 -9999 -9999 -9999 -9999 -9999 -9999 0.9852 1 1 1 1 1 1 0.9948 0.0536 0 -9999 
-9999 -9999 -9999 -9999 -9999 -9999 -9999 -9999 -9999 0.6968 1 1 1 1 1 1 1 0.2032 0 -9999 
-9999 -9999 -9999 -9999 -9999 -9999 -9999 -9999 -9999 0.2984 1 1 1 1 1 1 1 0.22 0 -9999 
-9999 -9999 -9999 -9999 -9999 -9999 -9999 -9999 -9999 0.0104 0.8784 1 1 1 1 1 1 0.1924 0 -9999 
-9999 -9999 -9999 -9999 -9999 -9999 -9999 -9999 -9999 0 0.4792 1 1 1 1 1 1 0.0548 0 -9999 
-9999 -9999 -9999 -9999 -9999 -9999 -9999 -9999 0 0 0.086 0.9688 1 1 1 1 0.9448 0.0008 0 -9999 
-9999 -9999 -9999 -9999 -9999 -9999 -9999 -9999 0 0 0 0.77 1 1 1 1 0.7068 0 0 -9999 
-9999 -9999 -9999 -9999 -9999 -9999 -9999 -9999 0 0.0248 0.2432 0.9488 1 1 1 1 0.4176 -9999 -9999 -9999 
-9999 -9999 -9999 -9999 -9999 -9999 -9999 -9999 -9999 0.988 1 1 1 1 1 0.9456 -9999 -9999 -9999 -9999 
-9999 -9999 -9999 -9999 -9999 -9999 -9999 -9999 -9999 -9999 -9999 -9999 -9999 -9999 -9999 -9999 -9999 -9999 -9999 -9999 
