peatland_4VegType_new/Spatial_50m/info/p2.asc
ncols         20
nrows         41
xllcorner     447028.2773
yllcorner     5806201.289
cellsize      50
NODATA_value  -9999
-9.999000000000000000e+03 -9.999000000000000000e+03 -9.999000000000000000e+03 -9.999000000000000000e+03 -9.999000000000000000e+03 -9.999000000000000000e+03 -9.999000000000000000e+03 -9.999000000000000000e+03 -9.999000000000000000e+03 -9.999000000000000000e+03 -9.999000000000000000e+03 -9.999000000000000000e+03 -9.999000000000000000e+03 -9.999000000000000000e+03 -9.999000000000000000e+03 -9.999000000000000000e+03 -9.999000000000000000e+03 -9.999000000000000000e+03 -9.999000000000000000e+03 -9.999000000000000000e+03
-9.999000000000000000e+03 3.581678142547607413e-01 2.827489843368530265e-01 1.876274367570877066e-01 8.431638234853744418e-02 1.307394930720329196e-02 -9.999000000000000000e+03 -9.999000000000000000e+03 -9.999000000000000000e+03 -9.999000000000000000e+03 -9.999000000000000000e+03 -9.999000000000000000e+03 -9.999000000000000000e+03 -9.999000000000000000e+03 -9.999000000000000000e+03 -9.999000000000000000e+03 -9.999000000000000000e+03 -9.999000000000000000e+03 -9.999000000000000000e+03 -9.999000000000000000e+03
-9.999000000000000000e+03 4.056574275493621817e-01 3.390040268898010245e-01 2.474029084444046012e-01 1.303292831182479850e-01 2.302887120842933566e-02 0.000000000000000000e+00 1.770002970099449069e-02 1.822119971513748160e-01 8.964733161926269345e-01 -9.999000000000000000e+03 -9.999000000000000000e+03 -9.999000000000000000e+03 -9.999000000000000000e+03 -9.999000000000000000e+03 -9.999000000000000000e+03 -9.999000000000000000e+03 -9.999000000000000000e+03 -9.999000000000000000e+03 -9.999000000000000000e+03
-9.999000000000000000e+03 4.741344323158264151e-01 4.327190091609954825e-01 3.753072490692138663e-01 2.893826236724853507e-01 1.249794533252716056e-01 1.219118177890777567e-03 4.906802082061767489e-02 1.399603502452373416e-02 5.010760297775268546e-01 9.344400038719177237e-01 4.358679821491241446e-01 1.994720419645309439e-01 4.958428313732147208e-01 -9.999000000000000000e+03 -9.999000000000000000e+03 -9.999000000000000000e+03 -9.999000000000000000e+03 -9.999000000000000000e+03 -9.999000000000000000e+03
-9.999000000000000000e+03 5.521207323074340811e-01 5.455545058250427237e-01 5.478871932029724112e-01 5.748312940597534171e-01 6.764600744247436515e-01 7.685124149322509757e-01 4.431714882850646964e-01 6.185920109748840323e-01 7.711279859542846671e-01 4.662760069370269767e-01 2.990240027904510489e-01 9.394640197753906241e-01 9.981120100021362296e-01 9.887016882896423331e-01 9.192170968055725089e-01 9.122507443428039542e-01 8.565446009635925284e-01 6.333351039886479794e-02 -9.999000000000000000e+03
-9.999000000000000000e+03 6.234123578071594229e-01 6.445439925193786612e-01 6.897593011856079093e-01 7.794390192031860343e-01 9.252541532516479483e-01 9.959801902770996085e-01 9.583359827995300284e-01 9.218680133819580069e-01 7.708120217323303214e-01 5.566760172843933097e-01 3.681760003566741934e-01 9.935920109748840323e-01 9.969000091552734366e-01 9.929464926719665518e-01 9.992000331878662100e-01 9.851251711845397940e-01 9.158782234191894522e-01 0.000000000000000000e+00 -9.999000000000000000e+03
-9.999000000000000000e+03 6.770135035514831534e-01 7.093299498558044425e-01 7.612586488723754874e-01 8.371457924842834464e-01 9.225647320747375479e-01 9.531543126106262198e-01 8.870839943885803214e-01 4.835200181007385245e-01 6.357239952087402335e-01 8.321279754638671866e-01 6.299479475021362296e-01 9.517000188827514640e-01 9.057359566688537589e-01 9.487159719467163077e-01 9.982553591728210440e-01 9.758262505531311026e-01 7.990436115264891725e-01 0.000000000000000000e+00 -9.999000000000000000e+03
-9.999000000000000000e+03 7.120982279777526847e-01 7.442917695045471183e-01 7.860596647262573233e-01 8.300652971267700186e-01 8.494819869995117179e-01 8.406078686714172354e-01 6.259400119781494132e-01 3.958240320682525626e-01 6.615799536705017081e-01 6.622359623908996573e-01 4.786920120716094962e-01 7.278799881935119620e-01 4.726000299453735343e-01 5.508199801445007315e-01 9.486939182281494132e-01 9.329375495910644522e-01 6.920881977081299041e-01 0.000000000000000000e+00 -9.999000000000000000e+03
-9.999000000000000000e+03 7.336538901329040518e-01 7.634162774085998526e-01 8.001757731437683097e-01 8.417007794380187979e-01 8.806577196121215811e-01 8.951228728294372550e-01 5.505959858894348136e-01 2.768360247611999503e-01 9.710399975776672354e-01 6.016039719581603995e-01 5.636559596061706534e-01 3.857559731006622306e-01 1.721360256671905509e-01 7.096680274009704581e-01 9.673420062065124503e-01 9.052926173210144034e-01 5.996011915206909126e-01 0.000000000000000000e+00 -9.999000000000000000e+03
-9.999000000000000000e+03 -9.999000000000000000e+03 7.734722962379455558e-01 8.099173178672790518e-01 8.651149740219116202e-01 9.490725269317626944e-01 9.905649294853210440e-01 6.248799433708190909e-01 1.556240191459655753e-01 9.870840182304382315e-01 6.104959716796874991e-01 4.211920371055603018e-01 3.181400170326232901e-01 2.490760555267333975e-01 6.516679992675781241e-01 7.698349227905273429e-01 7.160240283012390128e-01 4.615805473327636577e-01 0.000000000000000000e+00 -9.999000000000000000e+03
-9.999000000000000000e+03 -9.999000000000000000e+03 7.747695317268371573e-01 8.018010129928588858e-01 8.411425223350524893e-01 9.273496141433715811e-01 9.962161054611206046e-01 9.237379302978515616e-01 4.734720160961151114e-01 9.680079689025878897e-01 8.746320476531982413e-01 4.592039754390716544e-01 2.160159816741943350e-01 1.418200602531433097e-01 5.046402120590209872e-02 3.218238224983215323e-01 3.980511894226074210e-01 4.140476503372191863e-01 0.000000000000000000e+00 -9.999000000000000000e+03
-9.999000000000000000e+03 -9.999000000000000000e+03 6.794029703140257448e-01 7.840185632705688468e-01 7.731879820823669425e-01 6.877363195419311515e-01 6.055851449966430655e-01 8.734140863418579093e-01 7.998000254631042472e-01 9.985560050010681143e-01 9.744840135574340811e-01 9.692839851379394522e-01 2.735840549468994132e-01 1.849760284423828116e-01 2.385399808883666983e-01 4.667111506462097159e-01 4.028103818893432608e-01 3.753896226882934561e-01 3.758860864639281818e-01 -9.999000000000000000e+03
-9.999000000000000000e+03 -9.999000000000000000e+03 2.999581956863405993e-02 3.771081008911132404e-01 5.313068094253539098e-01 4.409146418571472936e-01 6.959860196113586417e-01 8.891329040527343741e-01 8.187720050811767569e-01 6.486759653091430655e-01 5.149279704093933097e-01 3.325160613059997550e-01 1.112000217437744132e-01 2.312240471839904776e-01 2.283720245361328116e-01 1.734071245193481436e-01 2.318709363937377921e-01 3.053032031059265128e-01 3.585497608184814444e-01 -9.999000000000000000e+03
-9.999000000000000000e+03 -9.999000000000000000e+03 0.000000000000000000e+00 0.000000000000000000e+00 0.000000000000000000e+00 0.000000000000000000e+00 4.729257907867431276e-01 8.483832349777221671e-01 9.142840375900268546e-01 5.164520015716552725e-01 1.796600093841552725e-01 2.192360033988952628e-01 1.937720050811767569e-01 3.989720215797424308e-01 1.315232386589050284e-01 2.939689030647277823e-01 2.767162194252014151e-01 2.936007251739501944e-01 3.459525575637817374e-01 -9.999000000000000000e+03
-9.999000000000000000e+03 -9.999000000000000000e+03 0.000000000000000000e+00 0.000000000000000000e+00 0.000000000000000000e+00 0.000000000000000000e+00 6.299857606887817596e-01 8.653080334663391104e-01 7.681920399665832511e-01 9.366599788665771475e-01 8.763720264434814444e-01 5.889800062179565421e-01 5.096599330902099600e-01 2.530439963340759268e-01 1.330849399566650382e-01 2.374098172187805167e-01 2.917230000495910636e-01 3.246329894065856925e-01 3.692377676963806143e-01 -9.999000000000000000e+03
-9.999000000000000000e+03 -9.999000000000000000e+03 0.000000000000000000e+00 0.000000000000000000e+00 0.000000000000000000e+00 2.980855026245117778e-01 9.712474217414855948e-01 4.714319875240325919e-01 4.572479894161224356e-01 9.952040185928344718e-01 9.860640039443969718e-01 9.018800129890441886e-01 7.171359529495239249e-01 4.993359913825988761e-01 4.819574823379516593e-01 4.261886944770812979e-01 3.839711418151855460e-01 3.940009346008300772e-01 4.182247986793518058e-01 -9.999000000000000000e+03
-9.999000000000000000e+03 -9.999000000000000000e+03 0.000000000000000000e+00 0.000000000000000000e+00 0.000000000000000000e+00 8.729973568916320481e-01 9.871717562675476065e-01 9.234520068168640128e-01 4.741280248165130606e-01 9.716399779319763175e-01 9.772239794731140128e-01 9.838080277442932120e-01 9.282039871215820304e-01 7.587600221633911124e-01 3.920407166481018058e-01 4.306944479942321768e-01 3.322690620422363295e-01 9.225562119483946000e-02 3.966105356216431121e-01 -9.999000000000000000e+03
-9.999000000000000000e+03 -9.999000000000000000e+03 0.000000000000000000e+00 0.000000000000000000e+00 0.000000000000000000e+00 6.973964920043945748e-01 9.296225180625915518e-01 7.971799840927124015e-01 2.517759969234466544e-01 9.434479942321777335e-01 9.750919809341430655e-01 9.820160140991210929e-01 7.335879673957824698e-01 4.576560130119323722e-01 5.069969167709350577e-01 4.964560737609863272e-01 4.063347244262698749e-02 0.000000000000000000e+00 3.705028572082519345e-01 -9.999000000000000000e+03
-9.999000000000000000e+03 -9.999000000000000000e+03 0.000000000000000000e+00 0.000000000000000000e+00 0.000000000000000000e+00 4.974522342681885201e-01 6.877755990028381339e-01 4.050640037059783927e-01 1.715680232048034659e-01 7.780479660034179679e-01 9.933479895591735831e-01 8.289440145492553702e-01 7.543999423980712882e-01 4.381719698905944815e-01 6.970706453323364249e-01 2.712079753875731858e-01 0.000000000000000000e+00 0.000000000000000000e+00 2.381320562362670701e-01 -9.999000000000000000e+03
-9.999000000000000000e+03 -9.999000000000000000e+03 0.000000000000000000e+00 0.000000000000000000e+00 0.000000000000000000e+00 4.320072879791260201e-01 4.678181579113006583e-01 3.472040166854858390e-01 8.352804386615753085e-02 5.809759964942932120e-01 9.723319878578186026e-01 8.117199411392211905e-01 7.705840339660644522e-01 3.474960198402404776e-01 3.708755245208740225e-01 2.917165603637694726e-01 0.000000000000000000e+00 0.000000000000000000e+00 2.146130466461183481e-02 -9.999000000000000000e+03
-9.999000000000000000e+03 -9.999000000000000000e+03 0.000000000000000000e+00 0.000000000000000000e+00 0.000000000000000000e+00 5.598333969116211506e-01 3.130920102596282950e-01 2.173080315589904776e-01 1.892399957180023184e-01 5.393639674186706534e-01 5.790119638442993155e-01 3.082040419578552237e-01 1.865200271606445304e-01 5.431560745239257804e-01 6.627855911254882937e-01 2.329713096618651891e-01 0.000000000000000000e+00 0.000000000000000000e+00 0.000000000000000000e+00 -9.999000000000000000e+03
-9.999000000000000000e+03 -9.999000000000000000e+03 0.000000000000000000e+00 0.000000000000000000e+00 0.000000000000000000e+00 5.769181718826293936e-01 4.750699570178985587e-01 4.983920028209686270e-01 3.378800323009490958e-01 8.831480016708374015e-01 5.819759836196899405e-01 3.815359940528869620e-01 2.080280652046203604e-01 4.770371487140655509e-01 1.983305587768554590e-01 2.300204696655273051e-01 4.115106010437015460e-02 0.000000000000000000e+00 0.000000000000000000e+00 -9.999000000000000000e+03
-9.999000000000000000e+03 -9.999000000000000000e+03 0.000000000000000000e+00 0.000000000000000000e+00 0.000000000000000000e+00 3.335437526702880184e-01 4.646706452369689933e-01 3.437960019111633292e-01 5.124959816932678214e-01 9.867679944038391104e-01 9.690360298156738272e-01 9.868199696540832511e-01 7.433648338317871973e-01 1.971179189682006894e-01 0.000000000000000000e+00 0.000000000000000000e+00 0.000000000000000000e+00 0.000000000000000000e+00 0.000000000000000000e+00 -9.999000000000000000e+03
-9.999000000000000000e+03 -9.999000000000000000e+03 0.000000000000000000e+00 0.000000000000000000e+00 0.000000000000000000e+00 0.000000000000000000e+00 2.793584206104278156e-01 1.384319981336593619e-01 2.937840094566345206e-01 9.830239882469177237e-01 9.650319685935974112e-01 9.640599956512451163e-01 9.903599491119384757e-01 7.939529647827148207e-01 2.148226299285888874e-01 0.000000000000000000e+00 0.000000000000000000e+00 0.000000000000000000e+00 0.000000000000000000e+00 -9.999000000000000000e+03
-9.999000000000000000e+03 -9.999000000000000000e+03 -9.999000000000000000e+03 0.000000000000000000e+00 0.000000000000000000e+00 0.000000000000000000e+00 4.096915116310120286e-01 1.616960188150405875e-01 3.734519948959350577e-01 9.484720101356506339e-01 9.793279638290405265e-01 9.602599611282348624e-01 9.074200263023376456e-01 8.620879521369934073e-01 4.967620649337768923e-01 0.000000000000000000e+00 0.000000000000000000e+00 0.000000000000000000e+00 0.000000000000000000e+00 -9.999000000000000000e+03
-9.999000000000000000e+03 -9.999000000000000000e+03 -9.999000000000000000e+03 -9.999000000000000000e+03 0.000000000000000000e+00 0.000000000000000000e+00 4.138706150054931587e-01 1.517920067310333243e-01 6.002480258941650382e-01 8.598959913253784171e-01 8.370760550498962393e-01 9.441680183410644522e-01 9.284359683990478507e-01 5.609199275970458975e-01 4.426789870262145543e-01 0.000000000000000000e+00 0.000000000000000000e+00 0.000000000000000000e+00 0.000000000000000000e+00 -9.999000000000000000e+03
-9.999000000000000000e+03 -9.999000000000000000e+03 -9.999000000000000000e+03 -9.999000000000000000e+03 -9.999000000000000000e+03 1.650899043083190465e-01 9.455953707695007315e-01 5.527405610084533683e-01 6.505719890594482413e-01 6.803959479331970206e-01 6.024799814224243155e-01 9.501999487876892081e-01 9.717720022201538077e-01 8.530360331535339347e-01 7.916997303962707289e-01 0.000000000000000000e+00 0.000000000000000000e+00 0.000000000000000000e+00 0.000000000000000000e+00 -9.999000000000000000e+03
-9.999000000000000000e+03 -9.999000000000000000e+03 -9.999000000000000000e+03 -9.999000000000000000e+03 -9.999000000000000000e+03 0.000000000000000000e+00 7.363014092445373526e-01 2.170857509374618521e-01 6.167359819412231436e-01 2.339480390548706046e-01 4.138640334606170645e-01 8.775759806632995597e-01 7.908080091476440421e-01 5.043240060806274405e-01 3.915069570541380717e-01 0.000000000000000000e+00 0.000000000000000000e+00 0.000000000000000000e+00 0.000000000000000000e+00 -9.999000000000000000e+03
-9.999000000000000000e+03 -9.999000000000000000e+03 -9.999000000000000000e+03 -9.999000000000000000e+03 -9.999000000000000000e+03 -9.999000000000000000e+03 5.412124862670898429e-01 5.740402212142944327e-01 6.797999610900878897e-01 4.114600291252136222e-01 6.900919547080993643e-01 8.985960354804992667e-01 5.522919764518737784e-01 4.911120405197143546e-01 4.125473430156707533e-01 7.918581867218024706e-02 0.000000000000000000e+00 0.000000000000000000e+00 0.000000000000000000e+00 -9.999000000000000000e+03
-9.999000000000000000e+03 -9.999000000000000000e+03 -9.999000000000000000e+03 -9.999000000000000000e+03 -9.999000000000000000e+03 -9.999000000000000000e+03 4.801652946472168004e-01 4.612476696968078604e-01 2.925439944267272940e-01 5.025000443458557120e-01 7.231759896278381339e-01 8.135200014114379874e-01 7.461799850463867179e-01 5.094919672012329093e-01 2.863167991638183030e-01 0.000000000000000000e+00 0.000000000000000000e+00 3.575104894638060915e-01 5.482086672782897629e-01 -9.999000000000000000e+03
-9.999000000000000000e+03 -9.999000000000000000e+03 -9.999000000000000000e+03 -9.999000000000000000e+03 -9.999000000000000000e+03 -9.999000000000000000e+03 -9.999000000000000000e+03 -9.999000000000000000e+03 4.222839941978454581e-01 8.509205484390258700e-02 6.065959801673889151e-01 8.933200111389160147e-01 9.765000214576721183e-01 8.273480405807495108e-01 6.338317027091980860e-01 4.500316848754883359e-01 4.700354924201965989e-01 7.492611160278319637e-01 6.565711250305176216e-01 -9.999000000000000000e+03
-9.999000000000000000e+03 -9.999000000000000000e+03 -9.999000000000000000e+03 -9.999000000000000000e+03 -9.999000000000000000e+03 -9.999000000000000000e+03 -9.999000000000000000e+03 -9.999000000000000000e+03 -9.999000000000000000e+03 2.586799731254577628e-01 5.744240155220031729e-01 6.429959406852722159e-01 9.589919915199279776e-01 9.662160148620605460e-01 8.721120228767395011e-01 7.900893559455871573e-01 8.155143728256225577e-01 8.448387851715087882e-01 6.787285079956054679e-01 -9.999000000000000000e+03
-9.999000000000000000e+03 -9.999000000000000000e+03 -9.999000000000000000e+03 -9.999000000000000000e+03 -9.999000000000000000e+03 -9.999000000000000000e+03 -9.999000000000000000e+03 -9.999000000000000000e+03 -9.999000000000000000e+03 7.625120153427124015e-01 8.153359761238098136e-01 8.251640071868896475e-01 9.383080472946166983e-01 5.491255416870117756e-01 3.990380992889403511e-01 3.857472648620604572e-01 3.762676229476927814e-01 4.713291325569152757e-01 3.537862291336058562e-01 -9.999000000000000000e+03
-9.999000000000000000e+03 -9.999000000000000000e+03 -9.999000000000000000e+03 -9.999000000000000000e+03 -9.999000000000000000e+03 -9.999000000000000000e+03 -9.999000000000000000e+03 -9.999000000000000000e+03 -9.999000000000000000e+03 5.131839981079101554e-01 7.425320019721984854e-01 5.756480565071105948e-01 9.179400076866149893e-01 1.919773807525634313e-01 0.000000000000000000e+00 0.000000000000000000e+00 0.000000000000000000e+00 0.000000000000000000e+00 0.000000000000000000e+00 -9.999000000000000000e+03
-9.999000000000000000e+03 -9.999000000000000000e+03 -9.999000000000000000e+03 -9.999000000000000000e+03 -9.999000000000000000e+03 -9.999000000000000000e+03 -9.999000000000000000e+03 -9.999000000000000000e+03 -9.999000000000000000e+03 8.265171518325805655e-01 6.698440184593200675e-01 4.791360070705413809e-01 8.439680209159851065e-01 1.982187261581420390e-01 0.000000000000000000e+00 0.000000000000000000e+00 0.000000000000000000e+00 0.000000000000000000e+00 0.000000000000000000e+00 -9.999000000000000000e+03
-9.999000000000000000e+03 -9.999000000000000000e+03 -9.999000000000000000e+03 -9.999000000000000000e+03 -9.999000000000000000e+03 -9.999000000000000000e+03 -9.999000000000000000e+03 -9.999000000000000000e+03 -9.999000000000000000e+03 7.150434341430663698e-01 5.458119978904724112e-01 7.170719971656799308e-01 8.344240059852600089e-01 1.946055998802184717e-01 0.000000000000000000e+00 0.000000000000000000e+00 0.000000000000000000e+00 0.000000000000000000e+00 0.000000000000000000e+00 -9.999000000000000000e+03
-9.999000000000000000e+03 -9.999000000000000000e+03 -9.999000000000000000e+03 -9.999000000000000000e+03 -9.999000000000000000e+03 -9.999000000000000000e+03 -9.999000000000000000e+03 -9.999000000000000000e+03 0.000000000000000000e+00 5.866778411865233300e-01 6.444479694366455069e-01 9.137880077362060538e-01 9.493239989280700675e-01 1.145211186408997550e-01 0.000000000000000000e+00 0.000000000000000000e+00 0.000000000000000000e+00 0.000000000000000000e+00 0.000000000000000000e+00 -9.999000000000000000e+03
-9.999000000000000000e+03 -9.999000000000000000e+03 -9.999000000000000000e+03 -9.999000000000000000e+03 -9.999000000000000000e+03 -9.999000000000000000e+03 -9.999000000000000000e+03 -9.999000000000000000e+03 0.000000000000000000e+00 4.100050368309020588e-01 7.866600027084350577e-01 9.185200204849243155e-01 9.746760001182556143e-01 2.358483257293701174e-01 0.000000000000000000e+00 0.000000000000000000e+00 0.000000000000000000e+00 0.000000000000000000e+00 0.000000000000000000e+00 -9.999000000000000000e+03
-9.999000000000000000e+03 -9.999000000000000000e+03 -9.999000000000000000e+03 -9.999000000000000000e+03 -9.999000000000000000e+03 -9.999000000000000000e+03 -9.999000000000000000e+03 -9.999000000000000000e+03 0.000000000000000000e+00 2.790560092926025471e-01 8.513309230804443350e-01 6.192960014343261710e-01 7.083520164489746085e-01 3.714031925201415341e-01 0.000000000000000000e+00 0.000000000000000000e+00 0.000000000000000000e+00 -9.999000000000000000e+03 -9.999000000000000000e+03 -9.999000000000000000e+03
-9.999000000000000000e+03 -9.999000000000000000e+03 -9.999000000000000000e+03 -9.999000000000000000e+03 -9.999000000000000000e+03 -9.999000000000000000e+03 -9.999000000000000000e+03 -9.999000000000000000e+03 -9.999000000000000000e+03 1.071867218017579088e-01 8.705750575065612784e-01 8.145800104141235343e-01 8.237159719467163077e-01 5.568655719757080735e-01 0.000000000000000000e+00 0.000000000000000000e+00 -9.999000000000000000e+03 -9.999000000000000000e+03 -9.999000000000000000e+03 -9.999000000000000000e+03
-9.999000000000000000e+03 -9.999000000000000000e+03 -9.999000000000000000e+03 -9.999000000000000000e+03 -9.999000000000000000e+03 -9.999000000000000000e+03 -9.999000000000000000e+03 -9.999000000000000000e+03 -9.999000000000000000e+03 -9.999000000000000000e+03 -9.999000000000000000e+03 -9.999000000000000000e+03 -9.999000000000000000e+03 -9.999000000000000000e+03 -9.999000000000000000e+03 -9.999000000000000000e+03 -9.999000000000000000e+03 -9.999000000000000000e+03 -9.999000000000000000e+03 -9.999000000000000000e+03
