peatland_4VegType_new/Spatial/info/p0.asc
ncols         20
nrows         41
xllcorner     447028.2773
yllcorner     5806201.289
cellsize      50
NODATA_value  -9999
-9.999000000000000000e+03 -9.999000000000000000e+03 -9.999000000000000000e+03 -9.999000000000000000e+03 -9.999000000000000000e+03 -9.999000000000000000e+03 -9.999000000000000000e+03 -9.999000000000000000e+03 -9.999000000000000000e+03 -9.999000000000000000e+03 -9.999000000000000000e+03 -9.999000000000000000e+03 -9.999000000000000000e+03 -9.999000000000000000e+03 -9.999000000000000000e+03 -9.999000000000000000e+03 -9.999000000000000000e+03 -9.999000000000000000e+03 -9.999000000000000000e+03 -9.999000000000000000e+03
-9.999000000000000000e+03 6.100222935676574698e-01 6.860886683464050284e-01 7.808815708160400382e-01 8.828631510734558097e-01 9.456220736503601065e-01 -9.999000000000000000e+03 -9.999000000000000000e+03 -9.999000000000000000e+03 -9.999000000000000000e+03 -9.999000000000000000e+03 -9.999000000000000000e+03 -9.999000000000000000e+03 -9.999000000000000000e+03 -9.999000000000000000e+03 -9.999000000000000000e+03 -9.999000000000000000e+03 -9.999000000000000000e+03 -9.999000000000000000e+03 -9.999000000000000000e+03
-9.999000000000000000e+03 5.624002089500427237e-01 6.292094459533691397e-01 7.194170823097228995e-01 8.357699980735778800e-01 9.567093124389648429e-01 9.988999834060668936e-01 9.609159698486328116e-01 8.153599967956542960e-01 6.123104000091552507e-02 -9.999000000000000000e+03 -9.999000000000000000e+03 -9.999000000000000000e+03 -9.999000000000000000e+03 -9.999000000000000000e+03 -9.999000000000000000e+03 -9.999000000000000000e+03 -9.999000000000000000e+03 -9.999000000000000000e+03 -9.999000000000000000e+03
-9.999000000000000000e+03 4.943749477863311759e-01 5.359426608085632315e-01 5.904527177810668936e-01 6.677633395195007315e-01 8.064733614921569815e-01 9.072971811294555655e-01 8.902879824638366690e-01 9.841039648056030265e-01 4.968360235691070548e-01 6.363599950075149447e-02 5.612040033340454093e-01 7.986279597282409659e-01 5.022571554183959952e-01 -9.999000000000000000e+03 -9.999000000000000000e+03 -9.999000000000000000e+03 -9.999000000000000000e+03 -9.999000000000000000e+03 -9.999000000000000000e+03
-9.999000000000000000e+03 4.176266660690307608e-01 4.257451465129852286e-01 4.225644042491912833e-01 3.914176990985870352e-01 2.848605980873107901e-01 1.933877488374710074e-01 5.246482362747192374e-01 3.764560093879699698e-01 2.261520048379898062e-01 5.307919850349426261e-01 6.990600099563598624e-01 5.863599681854247958e-02 0.000000000000000000e+00 9.398326441645621365e-03 7.854123616218566806e-02 8.348854833841323764e-02 1.302570422887802115e-01 1.237815403938294714e-02 -9.999000000000000000e+03
-9.999000000000000000e+03 3.478120436668395987e-01 3.305669298171997061e-01 2.886358668804168692e-01 2.026734074354171744e-01 6.475148552656173617e-02 0.000000000000000000e+00 1.511999981105327517e-02 7.623199576139449984e-02 2.267839928865432730e-01 4.414239993095397940e-01 6.297280063629150382e-01 4.508000031113624552e-03 1.199999988079071024e-03 5.153516471385955790e-03 0.000000000000000000e+00 1.186389119923114688e-02 6.964057141542434604e-02 0.000000000000000000e+00 -9.999000000000000000e+03
-9.999000000000000000e+03 2.949291636943817130e-01 2.685359587669372550e-01 2.227433642148971549e-01 1.532879492044448844e-01 7.364220374822616488e-02 4.458632150292396457e-02 1.107599979043006888e-01 5.142279734611511222e-01 3.619400134086608878e-01 1.657719930410385123e-01 3.677640130519866934e-01 4.639999771118163974e-02 9.231199526786804110e-02 4.929599741101264865e-02 0.000000000000000000e+00 1.988373899459838778e-02 6.017243051528929632e-02 0.000000000000000000e+00 -9.999000000000000000e+03
-9.999000000000000000e+03 2.590993812084197989e-01 2.340478172302246085e-01 1.997664740085601798e-01 1.626780351400375357e-01 1.475854089260101309e-01 1.571839770078659049e-01 3.713440170288085929e-01 6.014999618530273429e-01 3.335160186290740958e-01 3.357440104484558097e-01 5.191399922370910636e-01 2.701440026760101309e-01 5.245959630012512198e-01 4.470600059032440177e-01 4.940608346462249667e-02 5.743383073806762606e-02 6.738095188140869052e-02 0.000000000000000000e+00 -9.999000000000000000e+03
-9.999000000000000000e+03 2.352141460180282584e-01 2.130362560749053946e-01 1.843726804256439200e-01 1.504524370431900016e-01 1.161545162796974173e-01 1.022750457525253287e-01 4.453760256767272940e-01 7.207159867286682120e-01 2.641200104355811984e-02 3.963360061645507804e-01 4.341040124893188468e-01 6.123080124855041495e-01 8.252599706649780265e-01 2.883519997596740714e-01 3.060832077264785678e-02 4.946146363019943148e-02 6.421618753671645696e-02 0.000000000000000000e+00 -9.999000000000000000e+03
-9.999000000000000000e+03 -9.999000000000000000e+03 1.991614570617675772e-01 1.705635210275650016e-01 1.235744675397872916e-01 4.705485904216766269e-02 7.535060100257396677e-03 3.724600245952606192e-01 8.420799841880798331e-01 1.059199979156255633e-02 3.870320191383361808e-01 5.763959755897521964e-01 6.799399724006652823e-01 6.714239587783813468e-01 1.690560003519058219e-01 1.602892594039440066e-02 3.565070608258247287e-02 5.190486693382263123e-02 0.000000000000000000e+00 -9.999000000000000000e+03
-9.999000000000000000e+03 -9.999000000000000000e+03 1.931759139299392691e-01 1.723167171478271475e-01 1.380361338853836051e-01 5.980644950270652682e-02 0.000000000000000000e+00 7.262989336252212436e-02 5.241119732856750479e-01 2.460400031507015139e-02 6.335599923133850009e-02 1.162119975090026847e-01 6.835999542474746615e-02 1.126920005083084098e-01 5.625199729204177768e-02 4.097339341044425876e-02 4.177295991778373629e-02 5.147770369052886291e-02 0.000000000000000000e+00 -9.999000000000000000e+03
-9.999000000000000000e+03 -9.999000000000000000e+03 1.690513982772826884e-01 1.853139867782592765e-01 1.961318423748016349e-01 2.624084522724151602e-01 3.232369294166564933e-01 1.121633520126342765e-01 1.980440040826797476e-01 0.000000000000000000e+00 0.000000000000000000e+00 0.000000000000000000e+00 5.552000064402818659e-03 1.758800090849399478e-02 3.668000006675720126e-02 2.171566540002822787e-02 2.518885785341262729e-02 4.113459417223930270e-02 5.696127587556838734e-02 -9.999000000000000000e+03
-9.999000000000000000e+03 -9.999000000000000000e+03 6.630948424339300901e-03 8.758393669128416992e-02 1.320914860963821325e-01 1.506739130020141870e-01 3.019036223888397208e-01 9.060512685775756747e-02 1.793279966115951529e-01 2.896000096574425677e-03 5.903999950736761072e-03 2.051199989020824344e-02 2.992000129073858240e-03 1.455200107395648867e-02 4.220000166445970514e-03 1.992650959640741327e-03 7.810582570731639841e-03 2.626064994931220919e-02 4.807577484846115023e-02 -9.999000000000000000e+03
-9.999000000000000000e+03 -9.999000000000000000e+03 0.000000000000000000e+00 0.000000000000000000e+00 0.000000000000000000e+00 0.000000000000000000e+00 2.649676665663719139e-03 1.474047472476959220e-01 8.381600135564803988e-02 3.255599939823150546e-02 1.750800029933452517e-02 2.451999975368380526e-03 2.447999944910407046e-03 1.831999996304511935e-02 1.124324200302362353e-02 3.339796569198369772e-04 4.635332316160202006e-03 2.177634665369987399e-02 4.167381504178047091e-02 -9.999000000000000000e+03
-9.999000000000000000e+03 -9.999000000000000000e+03 0.000000000000000000e+00 0.000000000000000000e+00 0.000000000000000000e+00 0.000000000000000000e+00 1.280902632474899272e-01 1.327919980287551871e-01 2.299079915285110465e-01 9.768000036478041714e-03 0.000000000000000000e+00 0.000000000000000000e+00 0.000000000000000000e+00 2.279200048744678408e-02 1.227385869026184073e-01 5.300082096457481295e-02 2.048933894932269961e-02 2.903774024546146304e-02 4.209358820319175631e-02 -9.999000000000000000e+03
-9.999000000000000000e+03 -9.999000000000000000e+03 0.000000000000000000e+00 0.000000000000000000e+00 0.000000000000000000e+00 1.957488203048706257e-02 2.685261347889900119e-02 5.266679992675781241e-01 5.408519973754882804e-01 0.000000000000000000e+00 0.000000000000000000e+00 0.000000000000000000e+00 2.936000168323516825e-03 1.296000012755393893e-02 3.318635576963424594e-02 4.167110303044319064e-02 3.792239183187484652e-02 3.662457147240638644e-02 4.360342228412628085e-02 -9.999000000000000000e+03
-9.999000000000000000e+03 -9.999000000000000000e+03 0.000000000000000000e+00 0.000000000000000000e+00 0.000000000000000000e+00 4.428083667159080083e-02 1.092827522754669101e-02 7.464799487590789706e-02 5.239719619750976554e-01 0.000000000000000000e+00 0.000000000000000000e+00 0.000000000000000000e+00 0.000000000000000000e+00 6.000003870576618020e-05 3.976961055397987277e-02 3.343052247166633517e-02 2.132712894678115770e-02 5.990963220596312241e-03 3.498835080862045671e-02 -9.999000000000000000e+03
-9.999000000000000000e+03 -9.999000000000000000e+03 0.000000000000000000e+00 0.000000000000000000e+00 0.000000000000000000e+00 1.000746836662292499e-01 6.846483254432678134e-02 2.009200026988983145e-01 7.463239898681640616e-01 3.619599917531013400e-02 0.000000000000000000e+00 0.000000000000000000e+00 1.299200037121772677e-02 3.760000389069318751e-03 7.135262876749038675e-03 1.034176373481750580e-02 5.466667711734784964e-04 0.000000000000000000e+00 2.732333326339721549e-02 -9.999000000000000000e+03
-9.999000000000000000e+03 -9.999000000000000000e+03 0.000000000000000000e+00 0.000000000000000000e+00 0.000000000000000000e+00 3.002380123138427837e-01 3.101921250820159903e-01 5.929840078353881827e-01 8.263599743843078604e-01 2.157679965496063224e-01 0.000000000000000000e+00 0.000000000000000000e+00 0.000000000000000000e+00 0.000000000000000000e+00 0.000000000000000000e+00 2.319958582520482374e-04 0.000000000000000000e+00 0.000000000000000000e+00 1.527682358026504275e-02 -9.999000000000000000e+03
-9.999000000000000000e+03 -9.999000000000000000e+03 0.000000000000000000e+00 0.000000000000000000e+00 0.000000000000000000e+00 3.660727252960205291e-01 5.300294032096862784e-01 6.507239809036254874e-01 9.143319597244262686e-01 4.157720079421997061e-01 0.000000000000000000e+00 0.000000000000000000e+00 3.372000228613615015e-03 3.976000171154737452e-03 0.000000000000000000e+00 9.384598731994626009e-04 0.000000000000000000e+00 0.000000000000000000e+00 4.876814186573041453e-04 -9.999000000000000000e+03
-9.999000000000000000e+03 -9.999000000000000000e+03 0.000000000000000000e+00 0.000000000000000000e+00 0.000000000000000000e+00 2.782506170272827650e-01 6.849319806098937979e-01 7.807319631576538077e-01 8.087440004348754874e-01 4.586680104732513419e-01 8.271999821066855496e-03 4.516399854421615512e-02 7.970399612188339145e-02 3.980975762009620646e-03 7.443237245082854302e-03 3.048974066972731482e-03 0.000000000000000000e+00 0.000000000000000000e+00 0.000000000000000000e+00 -9.999000000000000000e+03
-9.999000000000000000e+03 -9.999000000000000000e+03 0.000000000000000000e+00 0.000000000000000000e+00 0.000000000000000000e+00 4.207679202556610099e-01 5.230140557289123526e-01 4.996279945373535147e-01 6.600959768295288077e-01 1.149520000219345084e-01 1.860399933159351260e-02 6.946800106763839633e-02 1.290159990787506095e-01 3.941910544037818820e-02 1.406609499454498230e-02 1.012273335456848056e-02 8.439953029155747299e-04 0.000000000000000000e+00 0.000000000000000000e+00 -9.999000000000000000e+03
-9.999000000000000000e+03 -9.999000000000000000e+03 0.000000000000000000e+00 0.000000000000000000e+00 0.000000000000000000e+00 6.449626588821409656e-02 5.230966677665710440e-01 6.541960110664367667e-01 4.850160052776336661e-01 1.133199983835220248e-02 0.000000000000000000e+00 0.000000000000000000e+00 1.092799916863441707e-03 7.039360195398331778e-03 0.000000000000000000e+00 0.000000000000000000e+00 0.000000000000000000e+00 0.000000000000000000e+00 0.000000000000000000e+00 -9.999000000000000000e+03
-9.999000000000000000e+03 -9.999000000000000000e+03 0.000000000000000000e+00 0.000000000000000000e+00 0.000000000000000000e+00 0.000000000000000000e+00 3.819016232490539120e-01 8.585280051231384268e-01 7.036719789505004874e-01 1.427599990367889315e-02 1.468399928510188968e-02 0.000000000000000000e+00 0.000000000000000000e+00 0.000000000000000000e+00 0.000000000000000000e+00 0.000000000000000000e+00 0.000000000000000000e+00 0.000000000000000000e+00 0.000000000000000000e+00 -9.999000000000000000e+03
-9.999000000000000000e+03 -9.999000000000000000e+03 -9.999000000000000000e+03 0.000000000000000000e+00 0.000000000000000000e+00 0.000000000000000000e+00 1.874318172931671300e-01 8.355399837493896475e-01 6.241080036163330069e-01 4.922799968719482333e-02 7.663999848067760447e-03 8.171999990940093106e-03 2.391999984160065630e-03 3.208000376820564249e-03 1.446642050147056713e-02 0.000000000000000000e+00 0.000000000000000000e+00 0.000000000000000000e+00 0.000000000000000000e+00 -9.999000000000000000e+03
-9.999000000000000000e+03 -9.999000000000000000e+03 -9.999000000000000000e+03 -9.999000000000000000e+03 0.000000000000000000e+00 0.000000000000000000e+00 3.035203948020934739e-01 8.447599878311157218e-01 3.972760012149810782e-01 1.371959915161132804e-01 1.602479984760284415e-01 5.620000116527080515e-03 8.548000060021876401e-03 3.122040202617645255e-01 1.648397805690765272e-01 0.000000000000000000e+00 0.000000000000000000e+00 0.000000000000000000e+00 0.000000000000000000e+00 -9.999000000000000000e+03
-9.999000000000000000e+03 -9.999000000000000000e+03 -9.999000000000000000e+03 -9.999000000000000000e+03 -9.999000000000000000e+03 3.274521732330321760e-02 5.250464954972267062e-02 4.445369710922241202e-01 3.468000164031982413e-01 3.176560273170471183e-01 3.934360017776489249e-01 1.864000053703784854e-02 0.000000000000000000e+00 8.932000190019606656e-03 1.332365268468856806e-02 0.000000000000000000e+00 0.000000000000000000e+00 0.000000000000000000e+00 0.000000000000000000e+00 -9.999000000000000000e+03
-9.999000000000000000e+03 -9.999000000000000000e+03 -9.999000000000000000e+03 -9.999000000000000000e+03 -9.999000000000000000e+03 0.000000000000000000e+00 2.617986073493957511e-01 7.808302512168884268e-01 3.811960091590881339e-01 7.619559636116027823e-01 5.835319628715515128e-01 1.188239997029304496e-01 1.696399988234043033e-02 2.378799968957900912e-02 1.853577956557273410e-03 0.000000000000000000e+00 0.000000000000000000e+00 0.000000000000000000e+00 0.000000000000000000e+00 -9.999000000000000000e+03
-9.999000000000000000e+03 -9.999000000000000000e+03 -9.999000000000000000e+03 -9.999000000000000000e+03 -9.999000000000000000e+03 -9.999000000000000000e+03 4.568875005245208731e-01 4.208422770500183097e-01 3.180120160579681388e-01 5.863519778251647940e-01 3.075920214653015128e-01 9.398799592256545932e-02 9.032000020146369046e-03 3.112000111490488032e-03 5.656623536348342335e-02 7.392689228057869495e-03 0.000000000000000000e+00 0.000000000000000000e+00 0.000000000000000000e+00 -9.999000000000000000e+03
-9.999000000000000000e+03 -9.999000000000000000e+03 -9.999000000000000000e+03 -9.999000000000000000e+03 -9.999000000000000000e+03 -9.999000000000000000e+03 4.534677162170410170e-01 5.304612984657287589e-01 6.256840100288391104e-01 4.301240017414093009e-01 2.708800008296966544e-01 1.845400055646896353e-01 1.320000048726796896e-04 9.115999728441237515e-03 3.907200112938880032e-03 0.000000000000000000e+00 0.000000000000000000e+00 9.584331303834913579e-03 2.099130475521087530e-02 -9.999000000000000000e+03
-9.999000000000000000e+03 -9.999000000000000000e+03 -9.999000000000000000e+03 -9.999000000000000000e+03 -9.999000000000000000e+03 -9.999000000000000000e+03 -9.999000000000000000e+03 -9.999000000000000000e+03 3.237680068016052237e-01 2.807960083484649649e-01 3.914880027770996085e-01 1.037319993376731864e-01 9.468000546097754544e-03 6.600000672042369634e-04 5.360480319708585926e-03 5.906699389219284904e-03 5.110955029726029289e-03 1.368139082193374489e-02 2.010705673694610646e-02 -9.999000000000000000e+03
-9.999000000000000000e+03 -9.999000000000000000e+03 -9.999000000000000000e+03 -9.999000000000000000e+03 -9.999000000000000000e+03 -9.999000000000000000e+03 -9.999000000000000000e+03 -9.999000000000000000e+03 -9.999000000000000000e+03 2.503840198516845694e-01 4.236320128440856925e-01 3.539480140209197989e-01 3.910799899697303683e-02 0.000000000000000000e+00 0.000000000000000000e+00 5.498994616791605741e-04 2.768833586946129778e-03 1.059789506345987231e-02 1.720884197950363001e-02 -9.999000000000000000e+03
-9.999000000000000000e+03 -9.999000000000000000e+03 -9.999000000000000000e+03 -9.999000000000000000e+03 -9.999000000000000000e+03 -9.999000000000000000e+03 -9.999000000000000000e+03 -9.999000000000000000e+03 -9.999000000000000000e+03 1.634800007343292227e-01 1.795920004844665518e-01 1.722759922742843619e-01 5.979199910163879306e-02 4.842703506350518224e-03 0.000000000000000000e+00 0.000000000000000000e+00 0.000000000000000000e+00 4.206128545105457250e-03 7.661929517984388503e-03 -9.999000000000000000e+03
-9.999000000000000000e+03 -9.999000000000000000e+03 -9.999000000000000000e+03 -9.999000000000000000e+03 -9.999000000000000000e+03 -9.999000000000000000e+03 -9.999000000000000000e+03 -9.999000000000000000e+03 -9.999000000000000000e+03 4.847080280780792227e-01 2.555680146217346183e-01 4.221519997119903556e-01 7.610399478673934848e-02 0.000000000000000000e+00 0.000000000000000000e+00 0.000000000000000000e+00 0.000000000000000000e+00 0.000000000000000000e+00 0.000000000000000000e+00 -9.999000000000000000e+03
-9.999000000000000000e+03 -9.999000000000000000e+03 -9.999000000000000000e+03 -9.999000000000000000e+03 -9.999000000000000000e+03 -9.999000000000000000e+03 -9.999000000000000000e+03 -9.999000000000000000e+03 -9.999000000000000000e+03 1.708780249357223502e-01 3.242120018005371085e-01 5.189480056762695304e-01 1.365119984149932852e-01 0.000000000000000000e+00 0.000000000000000000e+00 0.000000000000000000e+00 0.000000000000000000e+00 0.000000000000000000e+00 0.000000000000000000e+00 -9.999000000000000000e+03
-9.999000000000000000e+03 -9.999000000000000000e+03 -9.999000000000000000e+03 -9.999000000000000000e+03 -9.999000000000000000e+03 -9.999000000000000000e+03 -9.999000000000000000e+03 -9.999000000000000000e+03 -9.999000000000000000e+03 2.429439201354980371e-01 4.501520266532897940e-01 2.803640236854553214e-01 1.620959957838058463e-01 0.000000000000000000e+00 0.000000000000000000e+00 0.000000000000000000e+00 0.000000000000000000e+00 0.000000000000000000e+00 0.000000000000000000e+00 -9.999000000000000000e+03
-9.999000000000000000e+03 -9.999000000000000000e+03 -9.999000000000000000e+03 -9.999000000000000000e+03 -9.999000000000000000e+03 -9.999000000000000000e+03 -9.999000000000000000e+03 -9.999000000000000000e+03 0.000000000000000000e+00 5.136078262329100974e-02 3.501320054531097403e-01 8.431200140714645297e-02 4.847199672460555941e-02 0.000000000000000000e+00 0.000000000000000000e+00 0.000000000000000000e+00 0.000000000000000000e+00 0.000000000000000000e+00 0.000000000000000000e+00 -9.999000000000000000e+03
-9.999000000000000000e+03 -9.999000000000000000e+03 -9.999000000000000000e+03 -9.999000000000000000e+03 -9.999000000000000000e+03 -9.999000000000000000e+03 -9.999000000000000000e+03 -9.999000000000000000e+03 0.000000000000000000e+00 2.803896391391753548e-02 2.096200009584426871e-01 7.957999610900878817e-02 6.703999988734722117e-03 0.000000000000000000e+00 0.000000000000000000e+00 0.000000000000000000e+00 0.000000000000000000e+00 0.000000000000000000e+00 0.000000000000000000e+00 -9.999000000000000000e+03
-9.999000000000000000e+03 -9.999000000000000000e+03 -9.999000000000000000e+03 -9.999000000000000000e+03 -9.999000000000000000e+03 -9.999000000000000000e+03 -9.999000000000000000e+03 -9.999000000000000000e+03 0.000000000000000000e+00 0.000000000000000000e+00 1.466790904998779288e-01 3.787600269317626944e-01 2.897480001449584952e-01 4.519999936223029029e-03 0.000000000000000000e+00 0.000000000000000000e+00 0.000000000000000000e+00 -9.999000000000000000e+03 -9.999000000000000000e+03 -9.999000000000000000e+03
-9.999000000000000000e+03 -9.999000000000000000e+03 -9.999000000000000000e+03 -9.999000000000000000e+03 -9.999000000000000000e+03 -9.999000000000000000e+03 -9.999000000000000000e+03 -9.999000000000000000e+03 -9.999000000000000000e+03 1.075567686557770894e-02 1.275249739885330191e-01 1.835199912786483756e-01 1.741839965581893912e-01 2.066000008583069106e-02 0.000000000000000000e+00 0.000000000000000000e+00 -9.999000000000000000e+03 -9.999000000000000000e+03 -9.999000000000000000e+03 -9.999000000000000000e+03
-9.999000000000000000e+03 -9.999000000000000000e+03 -9.999000000000000000e+03 -9.999000000000000000e+03 -9.999000000000000000e+03 -9.999000000000000000e+03 -9.999000000000000000e+03 -9.999000000000000000e+03 -9.999000000000000000e+03 -9.999000000000000000e+03 -9.999000000000000000e+03 -9.999000000000000000e+03 -9.999000000000000000e+03 -9.999000000000000000e+03 -9.999000000000000000e+03 -9.999000000000000000e+03 -9.999000000000000000e+03 -9.999000000000000000e+03 -9.999000000000000000e+03 -9.999000000000000000e+03
